200 13872
1 2
1 3
1 4
1 5
1 8
1 9
1 11
1 12
1 16
1 17
1 18
1 19
1 20
1 22
1 25
1 26
1 28
1 32
1 33
1 34
1 35
1 37
1 38
1 43
1 44
1 46
1 47
1 49
1 50
1 51
1 52
1 54
1 55
1 56
1 57
1 58
1 59
1 60
1 63
1 64
1 68
1 69
1 71
1 72
1 74
1 75
1 77
1 78
1 79
1 82
1 84
1 85
1 86
1 87
1 89
1 90
1 91
1 92
1 93
1 94
1 96
1 100
1 101
1 104
1 106
1 107
1 108
1 110
1 111
1 112
1 114
1 115
1 117
1 120
1 121
1 123
1 124
1 125
1 126
1 127
1 128
1 130
1 132
1 134
1 137
1 138
1 139
1 140
1 141
1 142
1 143
1 145
1 146
1 147
1 148
1 149
1 150
1 151
1 153
1 154
1 156
1 157
1 159
1 162
1 163
1 165
1 166
1 167
1 168
1 170
1 171
1 172
1 174
1 176
1 179
1 180
1 182
1 183
1 184
1 185
1 186
1 187
1 189
1 190
1 194
1 195
1 196
1 197
1 198
1 199
1 200
2 3
2 5
2 6
2 7
2 8
2 9
2 12
2 13
2 14
2 16
2 17
2 19
2 21
2 22
2 23
2 24
2 25
2 26
2 27
2 28
2 29
2 30
2 31
2 32
2 33
2 35
2 36
2 37
2 38
2 39
2 40
2 41
2 42
2 43
2 44
2 45
2 48
2 49
2 50
2 52
2 54
2 56
2 58
2 59
2 60
2 61
2 62
2 63
2 64
2 65
2 67
2 68
2 69
2 70
2 71
2 72
2 73
2 74
2 75
2 77
2 78
2 79
2 80
2 81
2 82
2 83
2 84
2 86
2 87
2 89
2 90
2 94
2 96
2 97
2 98
2 100
2 101
2 104
2 105
2 106
2 107
2 108
2 110
2 112
2 113
2 114
2 115
2 117
2 118
2 119
2 120
2 121
2 122
2 123
2 124
2 125
2 126
2 127
2 130
2 132
2 133
2 134
2 135
2 136
2 138
2 139
2 140
2 141
2 142
2 144
2 146
2 147
2 150
2 152
2 153
2 154
2 156
2 157
2 158
2 159
2 160
2 161
2 162
2 164
2 165
2 166
2 167
2 169
2 171
2 175
2 177
2 178
2 179
2 180
2 182
2 183
2 184
2 185
2 188
2 191
2 192
2 193
2 194
2 195
2 196
2 197
2 199
2 200
3 4
3 5
3 6
3 7
3 8
3 9
3 10
3 11
3 13
3 14
3 15
3 16
3 17
3 19
3 20
3 21
3 22
3 23
3 24
3 25
3 28
3 29
3 30
3 31
3 32
3 33
3 34
3 35
3 36
3 37
3 38
3 40
3 41
3 42
3 43
3 45
3 46
3 47
3 49
3 50
3 51
3 52
3 53
3 54
3 55
3 56
3 58
3 59
3 60
3 61
3 62
3 63
3 64
3 65
3 66
3 67
3 69
3 70
3 71
3 72
3 73
3 75
3 76
3 77
3 78
3 80
3 81
3 83
3 85
3 86
3 87
3 89
3 90
3 94
3 95
3 96
3 97
3 99
3 101
3 102
3 104
3 105
3 106
3 107
3 108
3 109
3 110
3 111
3 112
3 113
3 114
3 119
3 120
3 121
3 122
3 123
3 124
3 125
3 126
3 127
3 130
3 131
3 132
3 134
3 136
3 137
3 138
3 140
3 141
3 142
3 143
3 146
3 147
3 149
3 150
3 151
3 153
3 155
3 156
3 157
3 158
3 159
3 161
3 164
3 167
3 168
3 169
3 170
3 171
3 172
3 174
3 176
3 177
3 178
3 180
3 182
3 183
3 184
3 186
3 188
3 190
3 191
3 192
3 195
3 196
3 197
3 199
3 200
4 5
4 6
4 7
4 8
4 9
4 10
4 11
4 13
4 14
4 16
4 18
4 21
4 22
4 24
4 25
4 28
4 29
4 30
4 32
4 33
4 35
4 37
4 39
4 40
4 42
4 43
4 44
4 45
4 47
4 48
4 51
4 52
4 54
4 55
4 61
4 62
4 66
4 68
4 72
4 73
4 74
4 75
4 77
4 78
4 79
4 80
4 82
4 83
4 84
4 87
4 88
4 89
4 92
4 93
4 94
4 95
4 100
4 104
4 106
4 107
4 108
4 112
4 113
4 114
4 115
4 118
4 119
4 120
4 122
4 123
4 124
4 126
4 127
4 128
4 129
4 130
4 131
4 133
4 134
4 135
4 136
4 137
4 138
4 139
4 140
4 141
4 143
4 144
4 145
4 147
4 148
4 150
4 151
4 152
4 155
4 156
4 159
4 160
4 161
4 163
4 164
4 165
4 166
4 167
4 170
4 171
4 172
4 173
4 174
4 176
4 177
4 178
4 179
4 182
4 183
4 184
4 185
4 186
4 191
4 192
4 193
4 194
4 195
4 196
4 197
4 199
5 10
5 11
5 12
5 13
5 14
5 15
5 16
5 18
5 20
5 21
5 22
5 23
5 27
5 28
5 29
5 30
5 32
5 33
5 35
5 36
5 37
5 38
5 39
5 40
5 41
5 43
5 44
5 45
5 47
5 49
5 50
5 51
5 52
5 53
5 54
5 56
5 59
5 60
5 61
5 62
5 65
5 66
5 67
5 69
5 70
5 71
5 72
5 73
5 74
5 76
5 77
5 80
5 81
5 84
5 85
5 86
5 88
5 89
5 90
5 91
5 92
5 93
5 94
5 97
5 99
5 100
5 103
5 104
5 105
5 106
5 107
5 108
5 110
5 113
5 114
5 115
5 116
5 117
5 118
5 119
5 121
5 122
5 123
5 125
5 127
5 128
5 129
5 130
5 131
5 133
5 135
5 137
5 139
5 140
5 141
5 142
5 144
5 146
5 148
5 150
5 153
5 154
5 155
5 156
5 157
5 158
5 159
5 160
5 161
5 162
5 163
5 166
5 168
5 170
5 172
5 173
5 174
5 175
5 177
5 178
5 180
5 181
5 182
5 183
5 184
5 185
5 186
5 187
5 188
5 189
5 191
5 192
5 193
5 194
5 195
5 196
5 198
6 7
6 8
6 9
6 10
6 12
6 14
6 17
6 19
6 20
6 21
6 22
6 25
6 27
6 29
6 32
6 35
6 37
6 38
6 39
6 40
6 41
6 44
6 45
6 46
6 47
6 48
6 49
6 50
6 51
6 52
6 53
6 54
6 55
6 58
6 62
6 64
6 65
6 66
6 67
6 68
6 69
6 70
6 72
6 74
6 75
6 77
6 78
6 81
6 82
6 84
6 85
6 86
6 88
6 89
6 90
6 91
6 92
6 93
6 95
6 96
6 97
6 98
6 99
6 100
6 103
6 105
6 106
6 108
6 109
6 110
6 111
6 113
6 114
6 115
6 116
6 118
6 119
6 120
6 122
6 123
6 125
6 126
6 127
6 130
6 131
6 132
6 133
6 135
6 136
6 137
6 139
6 143
6 145
6 146
6 152
6 157
6 158
6 159
6 160
6 161
6 164
6 166
6 167
6 168
6 169
6 170
6 172
6 173
6 174
6 175
6 176
6 177
6 178
6 179
6 180
6 181
6 182
6 183
6 184
6 185
6 186
6 187
6 188
6 189
6 190
6 191
6 192
6 193
6 195
6 196
6 198
6 199
7 8
7 9
7 10
7 13
7 14
7 15
7 18
7 20
7 21
7 23
7 24
7 25
7 27
7 29
7 31
7 32
7 33
7 34
7 35
7 36
7 37
7 38
7 40
7 41
7 42
7 43
7 44
7 45
7 46
7 47
7 48
7 50
7 53
7 54
7 55
7 56
7 57
7 58
7 59
7 60
7 61
7 62
7 63
7 64
7 65
7 66
7 67
7 70
7 72
7 73
7 75
7 76
7 77
7 78
7 80
7 81
7 84
7 85
7 87
7 88
7 90
7 92
7 93
7 94
7 95
7 97
7 99
7 101
7 102
7 103
7 104
7 106
7 109
7 111
7 113
7 114
7 115
7 117
7 120
7 121
7 122
7 123
7 124
7 126
7 127
7 128
7 131
7 132
7 134
7 135
7 136
7 137
7 139
7 140
7 141
7 142
7 143
7 145
7 146
7 147
7 151
7 152
7 154
7 155
7 156
7 157
7 158
7 159
7 160
7 161
7 162
7 164
7 165
7 166
7 167
7 168
7 170
7 172
7 174
7 175
7 176
7 177
7 178
7 181
7 182
7 184
7 185
7 187
7 188
7 189
7 191
7 192
7 193
7 194
7 196
7 197
7 198
7 199
7 200
8 9
8 10
8 11
8 12
8 14
8 15
8 16
8 17
8 19
8 20
8 21
8 22
8 23
8 24
8 25
8 26
8 28
8 29
8 30
8 31
8 32
8 35
8 36
8 38
8 39
8 40
8 41
8 42
8 43
8 44
8 45
8 47
8 50
8 51
8 52
8 53
8 54
8 57
8 58
8 59
8 63
8 66
8 67
8 68
8 69
8 71
8 72
8 73
8 74
8 75
8 76
8 78
8 79
8 81
8 82
8 84
8 85
8 86
8 88
8 89
8 91
8 92
8 96
8 97
8 98
8 99
8 100
8 101
8 102
8 103
8 105
8 106
8 107
8 108
8 109
8 110
8 111
8 112
8 114
8 115
8 116
8 117
8 118
8 120
8 121
8 122
8 123
8 124
8 126
8 128
8 129
8 131
8 133
8 134
8 135
8 136
8 138
8 139
8 141
8 144
8 145
8 147
8 151
8 152
8 153
8 154
8 156
8 157
8 159
8 160
8 161
8 162
8 165
8 166
8 167
8 169
8 171
8 172
8 173
8 174
8 176
8 180
8 182
8 183
8 184
8 185
8 186
8 187
8 189
8 190
8 191
8 192
8 198
8 199
9 10
9 11
9 13
9 14
9 15
9 16
9 18
9 19
9 20
9 21
9 22
9 23
9 24
9 31
9 32
9 33
9 35
9 36
9 38
9 39
9 40
9 44
9 45
9 46
9 48
9 50
9 53
9 54
9 56
9 58
9 59
9 60
9 62
9 63
9 64
9 66
9 67
9 68
9 69
9 70
9 71
9 72
9 73
9 75
9 76
9 77
9 78
9 79
9 80
9 84
9 85
9 87
9 88
9 89
9 90
9 91
9 92
9 93
9 94
9 96
9 97
9 102
9 103
9 105
9 106
9 108
9 110
9 112
9 114
9 115
9 116
9 117
9 118
9 119
9 124
9 127
9 128
9 129
9 130
9 132
9 133
9 134
9 135
9 136
9 137
9 138
9 139
9 140
9 141
9 142
9 143
9 144
9 147
9 148
9 149
9 150
9 152
9 156
9 157
9 158
9 159
9 161
9 162
9 166
9 168
9 169
9 171
9 172
9 173
9 174
9 175
9 179
9 184
9 185
9 186
9 188
9 189
9 191
9 192
9 195
9 196
9 197
9 198
10 12
10 13
10 15
10 16
10 17
10 18
10 19
10 20
10 21
10 22
10 23
10 24
10 25
10 29
10 31
10 32
10 34
10 35
10 37
10 38
10 40
10 41
10 42
10 43
10 44
10 45
10 46
10 47
10 48
10 51
10 53
10 56
10 58
10 60
10 65
10 67
10 68
10 69
10 70
10 71
10 73
10 75
10 77
10 79
10 81
10 82
10 84
10 85
10 87
10 88
10 89
10 90
10 91
10 92
10 93
10 95
10 96
10 97
10 98
10 99
10 100
10 101
10 102
10 103
10 104
10 105
10 106
10 108
10 109
10 110
10 111
10 112
10 113
10 115
10 116
10 119
10 121
10 122
10 123
10 126
10 127
10 131
10 132
10 133
10 134
10 135
10 136
10 137
10 140
10 141
10 143
10 145
10 146
10 147
10 150
10 151
10 152
10 154
10 156
10 157
10 158
10 160
10 161
10 162
10 164
10 165
10 166
10 168
10 169
10 170
10 172
10 173
10 174
10 176
10 178
10 179
10 180
10 182
10 183
10 184
10 186
10 187
10 188
10 190
10 191
10 192
10 193
10 194
10 198
10 199
10 200
11 12
11 14
11 15
11 16
11 20
11 21
11 22
11 23
11 24
11 25
11 26
11 27
11 28
11 29
11 30
11 32
11 33
11 34
11 35
11 36
11 37
11 38
11 39
11 40
11 41
11 42
11 43
11 48
11 49
11 50
11 51
11 53
11 56
11 57
11 58
11 59
11 60
11 61
11 62
11 63
11 64
11 65
11 68
11 69
11 72
11 73
11 74
11 78
11 79
11 80
11 81
11 83
11 84
11 85
11 87
11 88
11 89
11 90
11 91
11 94
11 95
11 97
11 98
11 99
11 100
11 101
11 102
11 104
11 105
11 106
11 109
11 110
11 112
11 113
11 114
11 115
11 116
11 117
11 118
11 119
11 120
11 122
11 123
11 124
11 125
11 129
11 131
11 132
11 133
11 134
11 136
11 138
11 139
11 143
11 145
11 147
11 148
11 149
11 150
11 151
11 152
11 153
11 154
11 155
11 156
11 157
11 158
11 159
11 160
11 162
11 163
11 164
11 165
11 166
11 167
11 170
11 172
11 173
11 176
11 177
11 178
11 179
11 180
11 181
11 182
11 184
11 185
11 186
11 188
11 189
11 190
11 192
11 193
11 194
11 195
11 196
11 197
11 198
11 199
11 200
12 13
12 15
12 17
12 19
12 20
12 21
12 22
12 23
12 24
12 25
12 27
12 28
12 33
12 34
12 35
12 36
12 37
12 40
12 41
12 42
12 44
12 46
12 48
12 53
12 54
12 55
12 59
12 60
12 61
12 62
12 64
12 66
12 67
12 68
12 69
12 70
12 71
12 72
12 73
12 75
12 76
12 78
12 79
12 80
12 81
12 83
12 84
12 85
12 86
12 89
12 92
12 97
12 98
12 100
12 101
12 102
12 103
12 104
12 105
12 106
12 107
12 108
12 110
12 111
12 112
12 113
12 114
12 118
12 120
12 122
12 123
12 124
12 127
12 128
12 129
12 130
12 131
12 134
12 136
12 137
12 138
12 139
12 140
12 141
12 142
12 143
12 144
12 146
12 147
12 148
12 150
12 151
12 153
12 156
12 157
12 160
12 161
12 163
12 164
12 165
12 169
12 170
12 171
12 173
12 175
12 176
12 177
12 178
12 180
12 181
12 183
12 185
12 186
12 188
12 189
12 191
12 192
12 193
12 194
12 195
12 196
12 197
12 198
12 199
12 200
13 15
13 17
13 18
13 19
13 20
13 21
13 22
13 23
13 24
13 26
13 27
13 28
13 29
13 31
13 32
13 37
13 39
13 41
13 42
13 45
13 48
13 51
13 55
13 56
13 57
13 58
13 59
13 60
13 62
13 65
13 68
13 70
13 71
13 73
13 75
13 76
13 78
13 79
13 81
13 83
13 84
13 85
13 86
13 88
13 91
13 94
13 96
13 97
13 98
13 99
13 100
13 101
13 102
13 105
13 106
13 107
13 110
13 112
13 113
13 114
13 115
13 116
13 118
13 119
13 120
13 121
13 126
13 127
13 128
13 129
13 130
13 131
13 132
13 133
13 135
13 137
13 138
13 140
13 142
13 143
13 144
13 146
13 149
13 150
13 151
13 152
13 153
13 154
13 155
13 159
13 160
13 164
13 167
13 168
13 172
13 176
13 177
13 178
13 179
13 180
13 182
13 183
13 185
13 186
13 188
13 189
13 190
13 191
13 192
13 195
13 196
13 197
13 198
13 199
14 15
14 19
14 20
14 21
14 22
14 23
14 24
14 25
14 26
14 27
14 28
14 29
14 30
14 31
14 33
14 34
14 35
14 36
14 37
14 38
14 40
14 41
14 42
14 43
14 44
14 45
14 46
14 49
14 51
14 53
14 56
14 57
14 58
14 60
14 61
14 62
14 64
14 66
14 67
14 68
14 70
14 72
14 73
14 76
14 77
14 78
14 80
14 81
14 82
14 83
14 84
14 85
14 86
14 87
14 88
14 90
14 92
14 95
14 96
14 97
14 98
14 99
14 100
14 101
14 102
14 103
14 104
14 107
14 108
14 109
14 110
14 111
14 112
14 118
14 119
14 120
14 121
14 123
14 127
14 129
14 130
14 131
14 134
14 135
14 137
14 138
14 139
14 140
14 141
14 142
14 143
14 144
14 145
14 146
14 147
14 149
14 150
14 152
14 153
14 154
14 156
14 157
14 158
14 159
14 160
14 163
14 165
14 166
14 167
14 171
14 174
14 176
14 177
14 178
14 179
14 182
14 183
14 185
14 187
14 188
14 189
14 191
14 192
14 194
14 196
14 197
14 198
14 199
14 200
15 17
15 18
15 19
15 20
15 21
15 22
15 23
15 25
15 26
15 27
15 29
15 30
15 33
15 34
15 35
15 36
15 38
15 39
15 40
15 41
15 43
15 45
15 46
15 47
15 48
15 49
15 50
15 52
15 53
15 54
15 56
15 57
15 60
15 62
15 63
15 64
15 66
15 67
15 68
15 70
15 71
15 72
15 73
15 75
15 77
15 79
15 80
15 81
15 82
15 83
15 84
15 86
15 87
15 88
15 91
15 92
15 94
15 96
15 97
15 98
15 99
15 100
15 102
15 103
15 105
15 106
15 111
15 113
15 114
15 115
15 116
15 119
15 120
15 121
15 123
15 125
15 127
15 128
15 129
15 134
15 135
15 136
15 137
15 138
15 139
15 141
15 142
15 143
15 147
15 150
15 152
15 155
15 157
15 158
15 159
15 162
15 164
15 166
15 167
15 168
15 170
15 172
15 173
15 174
15 175
15 176
15 177
15 178
15 180
15 181
15 182
15 183
15 184
15 185
15 186
15 187
15 188
15 189
15 190
15 191
15 192
15 193
15 194
15 195
15 196
15 197
15 198
15 199
15 200
16 17
16 18
16 19
16 20
16 23
16 24
16 25
16 26
16 28
16 31
16 33
16 34
16 37
16 38
16 39
16 40
16 42
16 43
16 44
16 46
16 47
16 48
16 50
16 51
16 52
16 53
16 55
16 56
16 57
16 58
16 59
16 60
16 61
16 62
16 63
16 66
16 67
16 70
16 72
16 75
16 76
16 78
16 79
16 81
16 82
16 83
16 84
16 85
16 86
16 88
16 89
16 90
16 91
16 92
16 94
16 97
16 98
16 99
16 101
16 102
16 105
16 106
16 107
16 109
16 110
16 111
16 112
16 113
16 114
16 115
16 116
16 118
16 119
16 120
16 121
16 123
16 124
16 125
16 126
16 128
16 131
16 132
16 134
16 136
16 138
16 141
16 142
16 144
16 145
16 146
16 147
16 148
16 150
16 152
16 153
16 154
16 155
16 156
16 157
16 158
16 159
16 160
16 161
16 163
16 167
16 169
16 171
16 172
16 173
16 174
16 175
16 176
16 177
16 179
16 180
16 182
16 183
16 184
16 188
16 189
16 191
16 192
16 194
16 196
16 197
16 198
16 199
16 200
17 19
17 20
17 21
17 22
17 24
17 25
17 26
17 27
17 29
17 30
17 31
17 32
17 33
17 36
17 37
17 38
17 39
17 40
17 41
17 44
17 45
17 47
17 48
17 50
17 54
17 55
17 56
17 58
17 60
17 64
17 66
17 68
17 70
17 72
17 73
17 74
17 75
17 76
17 77
17 78
17 79
17 80
17 82
17 84
17 85
17 86
17 88
17 89
17 90
17 92
17 94
17 95
17 96
17 98
17 99
17 100
17 101
17 102
17 103
17 104
17 105
17 107
17 108
17 109
17 111
17 112
17 113
17 116
17 117
17 118
17 120
17 121
17 123
17 124
17 125
17 126
17 127
17 130
17 131
17 133
17 134
17 135
17 136
17 137
17 139
17 142
17 144
17 146
17 147
17 148
17 150
17 151
17 152
17 153
17 154
17 155
17 156
17 157
17 160
17 162
17 164
17 165
17 167
17 168
17 169
17 170
17 172
17 173
17 174
17 175
17 176
17 177
17 178
17 179
17 180
17 182
17 185
17 186
17 187
17 190
17 191
17 192
17 200
18 19
18 20
18 21
18 22
18 23
18 24
18 25
18 28
18 30
18 32
18 33
18 35
18 38
18 39
18 40
18 41
18 42
18 43
18 44
18 45
18 47
18 49
18 50
18 51
18 54
18 55
18 56
18 57
18 58
18 59
18 60
18 61
18 62
18 63
18 64
18 65
18 66
18 67
18 68
18 70
18 71
18 72
18 73
18 75
18 76
18 77
18 79
18 81
18 84
18 86
18 87
18 88
18 89
18 92
18 95
18 97
18 98
18 99
18 100
18 101
18 102
18 103
18 104
18 105
18 106
18 107
18 108
18 109
18 110
18 111
18 112
18 116
18 117
18 119
18 120
18 121
18 122
18 123
18 124
18 127
18 129
18 130
18 132
18 133
18 134
18 135
18 136
18 137
18 138
18 139
18 140
18 141
18 142
18 143
18 145
18 146
18 148
18 150
18 151
18 153
18 154
18 155
18 156
18 157
18 158
18 159
18 160
18 161
18 162
18 164
18 165
18 166
18 167
18 168
18 174
18 177
18 178
18 179
18 180
18 183
18 187
18 188
18 189
18 190
18 191
18 192
18 193
18 194
18 196
18 197
18 199
18 200
19 20
19 21
19 22
19 23
19 24
19 26
19 28
19 32
19 33
19 41
19 43
19 44
19 45
19 46
19 47
19 48
19 49
19 50
19 51
19 52
19 55
19 57
19 58
19 59
19 60
19 61
19 62
19 63
19 64
19 65
19 66
19 67
19 68
19 69
19 72
19 73
19 74
19 75
19 76
19 79
19 80
19 81
19 82
19 83
19 84
19 85
19 87
19 88
19 89
19 90
19 91
19 93
19 95
19 96
19 97
19 98
19 99
19 100
19 101
19 102
19 103
19 104
19 105
19 106
19 107
19 108
19 109
19 110
19 111
19 113
19 114
19 115
19 116
19 117
19 118
19 120
19 121
19 123
19 124
19 125
19 127
19 128
19 130
19 132
19 133
19 134
19 135
19 136
19 137
19 138
19 139
19 140
19 142
19 145
19 146
19 149
19 150
19 151
19 153
19 154
19 155
19 156
19 157
19 158
19 159
19 160
19 161
19 162
19 165
19 166
19 168
19 169
19 172
19 173
19 174
19 176
19 177
19 178
19 179
19 181
19 183
19 184
19 186
19 187
19 188
19 189
19 190
19 192
19 193
19 196
19 197
19 198
19 199
20 21
20 22
20 23
20 24
20 25
20 27
20 28
20 29
20 30
20 31
20 33
20 34
20 35
20 36
20 37
20 38
20 40
20 41
20 43
20 44
20 45
20 46
20 47
20 48
20 49
20 50
20 51
20 52
20 57
20 59
20 60
20 62
20 63
20 64
20 65
20 67
20 68
20 71
20 72
20 73
20 74
20 76
20 78
20 79
20 80
20 81
20 83
20 84
20 86
20 87
20 88
20 89
20 90
20 91
20 92
20 93
20 94
20 95
20 96
20 98
20 99
20 100
20 101
20 103
20 104
20 107
20 108
20 110
20 111
20 113
20 114
20 116
20 117
20 118
20 119
20 121
20 122
20 123
20 124
20 125
20 127
20 128
20 129
20 131
20 132
20 133
20 134
20 135
20 137
20 139
20 140
20 141
20 142
20 143
20 149
20 150
20 152
20 153
20 154
20 155
20 157
20 159
20 160
20 161
20 164
20 165
20 167
20 168
20 170
20 172
20 174
20 175
20 176
20 178
20 179
20 182
20 183
20 185
20 186
20 187
20 188
20 189
20 190
20 191
20 192
20 193
20 194
20 196
20 197
20 199
20 200
21 22
21 23
21 24
21 27
21 29
21 30
21 32
21 33
21 34
21 35
21 37
21 38
21 40
21 41
21 43
21 48
21 49
21 50
21 52
21 53
21 54
21 55
21 56
21 58
21 59
21 60
21 62
21 63
21 64
21 65
21 66
21 67
21 68
21 69
21 73
21 75
21 76
21 79
21 80
21 81
21 83
21 85
21 87
21 88
21 89
21 90
21 91
21 92
21 93
21 98
21 99
21 100
21 101
21 103
21 105
21 106
21 107
21 108
21 109
21 110
21 113
21 115
21 116
21 117
21 118
21 119
21 120
21 121
21 123
21 124
21 125
21 126
21 127
21 128
21 129
21 133
21 135
21 136
21 137
21 139
21 140
21 143
21 144
21 145
21 147
21 148
21 149
21 151
21 152
21 153
21 154
21 155
21 156
21 157
21 158
21 159
21 160
21 162
21 163
21 164
21 165
21 166
21 169
21 171
21 172
21 173
21 174
21 175
21 176
21 177
21 178
21 179
21 180
21 181
21 182
21 183
21 184
21 185
21 186
21 188
21 189
21 190
21 191
21 192
21 193
21 194
21 195
21 197
21 198
21 199
21 200
22 25
22 26
22 27
22 28
22 29
22 30
22 31
22 32
22 33
22 35
22 36
22 37
22 38
22 39
22 40
22 41
22 43
22 44
22 46
22 47
22 48
22 49
22 51
22 52
22 53
22 56
22 57
22 58
22 59
22 61
22 62
22 63
22 64
22 66
22 67
22 68
22 70
22 71
22 72
22 73
22 74
22 75
22 77
22 79
22 80
22 81
22 82
22 83
22 84
22 85
22 86
22 87
22 90
22 92
22 95
22 96
22 98
22 99
22 100
22 101
22 102
22 103
22 104
22 105
22 108
22 110
22 112
22 114
22 115
22 118
22 119
22 120
22 123
22 126
22 128
22 129
22 130
22 131
22 132
22 133
22 134
22 135
22 136
22 137
22 138
22 139
22 140
22 141
22 142
22 143
22 144
22 145
22 148
22 152
22 156
22 157
22 158
22 159
22 160
22 161
22 163
22 164
22 166
22 169
22 171
22 172
22 174
22 175
22 176
22 177
22 178
22 179
22 181
22 184
22 186
22 187
22 188
22 189
22 190
22 192
22 196
22 198
22 199
22 200
23 24
23 25
23 26
23 27
23 28
23 29
23 31
23 32
23 33
23 34
23 35
23 36
23 37
23 39
23 40
23 41
23 42
23 44
23 46
23 47
23 48
23 50
23 51
23 52
23 54
23 55
23 58
23 59
23 60
23 61
23 62
23 65
23 66
23 68
23 69
23 71
23 72
23 73
23 74
23 75
23 76
23 77
23 80
23 81
23 85
23 86
23 87
23 88
23 89
23 90
23 92
23 94
23 96
23 97
23 99
23 101
23 102
23 103
23 104
23 105
23 106
23 109
23 110
23 111
23 113
23 114
23 117
23 118
23 121
23 123
23 125
23 128
23 129
23 131
23 133
23 134
23 135
23 137
23 138
23 141
23 142
23 144
23 145
23 146
23 147
23 148
23 149
23 150
23 151
23 152
23 153
23 155
23 158
23 160
23 161
23 162
23 165
23 166
23 167
23 168
23 169
23 170
23 173
23 174
23 175
23 176
23 177
23 178
23 179
23 180
23 181
23 182
23 183
23 184
23 186
23 187
23 188
23 189
23 190
23 191
23 192
23 194
23 195
23 196
23 197
23 199
24 26
24 27
24 28
24 29
24 30
24 31
24 32
24 33
24 34
24 35
24 36
24 37
24 38
24 40
24 41
24 42
24 43
24 44
24 46
24 47
24 48
24 49
24 50
24 51
24 53
24 54
24 56
24 58
24 59
24 60
24 61
24 62
24 63
24 65
24 68
24 69
24 71
24 72
24 73
24 75
24 76
24 77
24 78
24 79
24 80
24 81
24 82
24 83
24 84
24 85
24 86
24 87
24 90
24 92
24 94
24 95
24 96
24 97
24 99
24 100
24 101
24 102
24 103
24 104
24 105
24 107
24 108
24 109
24 110
24 111
24 112
24 113
24 114
24 115
24 117
24 118
24 119
24 121
24 122
24 123
24 124
24 126
24 127
24 128
24 129
24 130
24 131
24 132
24 133
24 135
24 136
24 137
24 138
24 139
24 142
24 144
24 145
24 146
24 147
24 148
24 149
24 151
24 152
24 153
24 154
24 156
24 158
24 159
24 160
24 161
24 163
24 164
24 166
24 167
24 168
24 169
24 170
24 172
24 173
24 174
24 176
24 178
24 179
24 181
24 182
24 184
24 186
24 187
24 188
24 189
24 190
24 193
24 196
24 197
24 199
25 26
25 27
25 28
25 30
25 31
25 32
25 33
25 36
25 37
25 38
25 39
25 40
25 41
25 42
25 43
25 44
25 45
25 46
25 49
25 52
25 53
25 55
25 56
25 57
25 58
25 59
25 60
25 62
25 63
25 65
25 68
25 69
25 70
25 71
25 72
25 73
25 74
25 75
25 76
25 77
25 78
25 80
25 82
25 83
25 84
25 86
25 87
25 89
25 90
25 91
25 92
25 93
25 94
25 95
25 96
25 99
25 101
25 103
25 104
25 106
25 108
25 110
25 112
25 113
25 114
25 115
25 116
25 118
25 119
25 121
25 122
25 123
25 124
25 125
25 128
25 129
25 130
25 131
25 132
25 133
25 134
25 135
25 138
25 140
25 141
25 142
25 144
25 145
25 146
25 147
25 148
25 149
25 152
25 153
25 154
25 155
25 157
25 158
25 159
25 160
25 161
25 163
25 165
25 166
25 169
25 171
25 172
25 173
25 174
25 175
25 177
25 179
25 181
25 182
25 183
25 185
25 186
25 188
25 191
25 192
25 193
25 194
25 195
25 196
25 197
25 198
25 200
26 27
26 29
26 30
26 31
26 33
26 34
26 36
26 39
26 40
26 41
26 44
26 45
26 48
26 52
26 53
26 54
26 55
26 57
26 60
26 63
26 64
26 65
26 66
26 67
26 68
26 71
26 74
26 75
26 76
26 77
26 78
26 79
26 80
26 81
26 82
26 83
26 84
26 85
26 89
26 90
26 91
26 92
26 93
26 95
26 98
26 99
26 102
26 103
26 104
26 107
26 108
26 109
26 110
26 111
26 112
26 113
26 115
26 116
26 117
26 118
26 121
26 122
26 124
26 125
26 126
26 127
26 128
26 129
26 130
26 134
26 135
26 136
26 137
26 138
26 139
26 140
26 143
26 144
26 145
26 146
26 147
26 148
26 150
26 151
26 152
26 153
26 156
26 157
26 158
26 159
26 160
26 161
26 162
26 163
26 165
26 166
26 167
26 168
26 169
26 172
26 174
26 175
26 176
26 178
26 180
26 181
26 183
26 184
26 186
26 187
26 189
26 190
26 191
26 192
26 193
26 194
26 196
26 197
26 199
26 200
27 28
27 29
27 31
27 32
27 34
27 35
27 36
27 37
27 38
27 41
27 42
27 44
27 45
27 49
27 51
27 52
27 53
27 54
27 55
27 56
27 58
27 59
27 61
27 62
27 64
27 65
27 66
27 68
27 71
27 72
27 73
27 74
27 75
27 76
27 78
27 79
27 80
27 82
27 85
27 87
27 88
27 89
27 90
27 91
27 92
27 93
27 94
27 95
27 96
27 98
27 102
27 103
27 104
27 105
27 107
27 108
27 109
27 111
27 112
27 113
27 114
27 115
27 116
27 117
27 118
27 121
27 123
27 126
27 127
27 129
27 130
27 131
27 133
27 134
27 135
27 136
27 137
27 138
27 139
27 140
27 142
27 144
27 146
27 147
27 149
27 150
27 151
27 153
27 154
27 155
27 157
27 158
27 159
27 160
27 161
27 162
27 163
27 165
27 166
27 167
27 168
27 169
27 170
27 171
27 173
27 174
27 175
27 176
27 177
27 180
27 181
27 182
27 183
27 184
27 185
27 186
27 188
27 190
27 191
27 192
27 193
27 194
27 195
27 197
27 199
28 30
28 31
28 37
28 38
28 40
28 42
28 43
28 48
28 51
28 52
28 54
28 56
28 57
28 58
28 59
28 61
28 62
28 63
28 65
28 66
28 67
28 68
28 69
28 70
28 73
28 74
28 75
28 76
28 78
28 80
28 82
28 84
28 85
28 88
28 90
28 92
28 93
28 95
28 96
28 97
28 98
28 99
28 101
28 102
28 103
28 104
28 105
28 106
28 107
28 108
28 109
28 110
28 111
28 113
28 114
28 118
28 119
28 120
28 121
28 122
28 123
28 124
28 125
28 126
28 128
28 129
28 131
28 132
28 134
28 135
28 136
28 137
28 138
28 141
28 145
28 146
28 148
28 151
28 152
28 154
28 156
28 157
28 158
28 162
28 163
28 164
28 165
28 166
28 167
28 168
28 169
28 170
28 173
28 174
28 176
28 177
28 178
28 179
28 180
28 183
28 184
28 185
28 187
28 188
28 189
28 190
28 191
28 192
28 193
28 196
28 197
28 199
28 200
29 33
29 35
29 36
29 39
29 42
29 43
29 44
29 46
29 47
29 48
29 49
29 51
29 54
29 55
29 56
29 57
29 58
29 59
29 60
29 61
29 63
29 64
29 65
29 66
29 67
29 68
29 70
29 71
29 72
29 73
29 75
29 76
29 79
29 82
29 84
29 85
29 86
29 87
29 89
29 90
29 91
29 92
29 93
29 94
29 95
29 96
29 97
29 99
29 100
29 101
29 102
29 104
29 106
29 107
29 108
29 110
29 114
29 116
29 117
29 118
29 119
29 120
29 122
29 123
29 124
29 125
29 126
29 128
29 129
29 130
29 131
29 133
29 134
29 135
29 136
29 137
29 138
29 139
29 141
29 142
29 144
29 146
29 148
29 149
29 150
29 152
29 153
29 155
29 156
29 157
29 158
29 159
29 160
29 161
29 162
29 163
29 164
29 165
29 168
29 169
29 170
29 171
29 172
29 175
29 176
29 177
29 179
29 180
29 181
29 182
29 183
29 185
29 186
29 187
29 189
29 190
29 191
29 192
29 193
29 194
29 195
29 196
29 197
29 198
29 199
29 200
30 31
30 33
30 34
30 35
30 36
30 37
30 39
30 40
30 43
30 45
30 46
30 48
30 50
30 51
30 52
30 53
30 54
30 55
30 56
30 57
30 60
30 61
30 62
30 63
30 66
30 68
30 69
30 70
30 71
30 72
30 75
30 76
30 77
30 79
30 80
30 82
30 83
30 85
30 86
30 87
30 89
30 90
30 91
30 93
30 98
30 99
30 100
30 102
30 104
30 105
30 106
30 109
30 110
30 111
30 112
30 114
30 115
30 116
30 117
30 119
30 120
30 121
30 122
30 124
30 127
30 128
30 130
30 131
30 132
30 134
30 135
30 138
30 142
30 144
30 145
30 146
30 147
30 149
30 150
30 151
30 152
30 153
30 155
30 157
30 158
30 159
30 160
30 161
30 163
30 164
30 167
30 169
30 170
30 171
30 172
30 173
30 174
30 175
30 177
30 178
30 179
30 181
30 183
30 184
30 185
30 186
30 187
30 188
30 191
30 192
30 194
30 195
30 196
30 197
30 199
31 32
31 34
31 36
31 38
31 40
31 41
31 42
31 44
31 45
31 46
31 47
31 48
31 49
31 52
31 53
31 54
31 56
31 57
31 59
31 60
31 61
31 62
31 66
31 70
31 71
31 74
31 75
31 76
31 77
31 80
31 81
31 82
31 83
31 84
31 85
31 88
31 89
31 90
31 91
31 93
31 95
31 97
31 98
31 99
31 100
31 101
31 102
31 104
31 106
31 107
31 109
31 111
31 112
31 113
31 114
31 115
31 116
31 119
31 120
31 123
31 124
31 125
31 126
31 127
31 128
31 129
31 130
31 131
31 133
31 134
31 136
31 137
31 138
31 139
31 140
31 143
31 145
31 146
31 147
31 148
31 151
31 152
31 153
31 155
31 157
31 159
31 160
31 161
31 162
31 163
31 164
31 165
31 166
31 167
31 168
31 170
31 171
31 172
31 173
31 174
31 176
31 179
31 180
31 181
31 182
31 184
31 190
31 193
31 195
31 196
31 197
31 198
31 199
32 33
32 34
32 35
32 36
32 37
32 38
32 39
32 41
32 42
32 43
32 44
32 45
32 46
32 47
32 49
32 50
32 51
32 52
32 53
32 55
32 57
32 58
32 59
32 60
32 61
32 62
32 63
32 64
32 66
32 67
32 68
32 69
32 70
32 72
32 73
32 74
32 75
32 77
32 78
32 80
32 81
32 84
32 85
32 86
32 87
32 88
32 89
32 90
32 91
32 93
32 96
32 98
32 100
32 101
32 102
32 103
32 104
32 106
32 107
32 108
32 109
32 111
32 114
32 115
32 117
32 118
32 120
32 121
32 122
32 124
32 125
32 126
32 127
32 128
32 129
32 130
32 132
32 134
32 136
32 137
32 138
32 139
32 140
32 141
32 142
32 143
32 144
32 145
32 146
32 147
32 148
32 150
32 151
32 152
32 154
32 155
32 157
32 161
32 162
32 163
32 167
32 170
32 175
32 176
32 177
32 180
32 182
32 183
32 184
32 186
32 187
32 188
32 189
32 190
32 192
32 193
32 195
32 196
32 198
32 200
33 34
33 35
33 36
33 37
33 39
33 40
33 41
33 42
33 45
33 46
33 47
33 49
33 52
33 54
33 55
33 56
33 58
33 59
33 60
33 62
33 63
33 64
33 65
33 68
33 69
33 70
33 71
33 72
33 73
33 81
33 82
33 85
33 86
33 88
33 89
33 90
33 92
33 94
33 95
33 97
33 99
33 102
33 103
33 104
33 105
33 107
33 108
33 109
33 111
33 112
33 113
33 114
33 116
33 117
33 118
33 119
33 120
33 121
33 122
33 123
33 124
33 125
33 127
33 129
33 130
33 131
33 133
33 134
33 135
33 136
33 140
33 141
33 144
33 145
33 146
33 149
33 150
33 151
33 153
33 154
33 155
33 156
33 158
33 161
33 163
33 164
33 166
33 167
33 168
33 171
33 173
33 174
33 176
33 177
33 178
33 179
33 180
33 182
33 183
33 188
33 190
33 191
33 193
33 198
33 199
33 200
34 35
34 36
34 37
34 38
34 39
34 40
34 41
34 42
34 44
34 45
34 46
34 47
34 49
34 50
34 53
34 54
34 55
34 56
34 57
34 58
34 59
34 60
34 65
34 66
34 67
34 69
34 70
34 71
34 72
34 74
34 76
34 77
34 78
34 79
34 81
34 82
34 83
34 84
34 86
34 87
34 88
34 89
34 91
34 92
34 95
34 96
34 97
34 99
34 100
34 102
34 103
34 104
34 108
34 109
34 111
34 113
34 115
34 116
34 117
34 118
34 119
34 121
34 122
34 124
34 126
34 127
34 129
34 130
34 131
34 132
34 133
34 135
34 137
34 138
34 139
34 141
34 143
34 144
34 145
34 147
34 149
34 150
34 151
34 152
34 155
34 157
34 158
34 159
34 160
34 161
34 163
34 164
34 165
34 166
34 170
34 171
34 172
34 173
34 174
34 176
34 177
34 178
34 179
34 181
34 182
34 185
34 186
34 187
34 188
34 189
34 192
34 193
34 198
34 199
34 200
35 36
35 44
35 46
35 47
35 49
35 51
35 55
35 56
35 57
35 58
35 59
35 62
35 63
35 64
35 65
35 66
35 67
35 69
35 70
35 71
35 72
35 73
35 75
35 76
35 79
35 80
35 83
35 85
35 86
35 88
35 90
35 91
35 92
35 93
35 95
35 96
35 98
35 103
35 104
35 105
35 109
35 110
35 111
35 112
35 113
35 115
35 116
35 117
35 118
35 120
35 123
35 125
35 126
35 127
35 128
35 130
35 131
35 132
35 133
35 135
35 136
35 137
35 139
35 140
35 143
35 144
35 145
35 146
35 147
35 148
35 149
35 151
35 153
35 154
35 156
35 157
35 158
35 159
35 160
35 161
35 163
35 165
35 166
35 167
35 168
35 170
35 171
35 172
35 174
35 175
35 177
35 178
35 179
35 183
35 185
35 186
35 188
35 189
35 190
35 191
35 192
35 193
35 194
35 196
35 199
35 200
36 39
36 40
36 41
36 42
36 43
36 44
36 46
36 48
36 49
36 50
36 54
36 55
36 57
36 60
36 62
36 63
36 64
36 65
36 66
36 68
36 69
36 70
36 71
36 73
36 75
36 80
36 81
36 83
36 84
36 85
36 87
36 88
36 89
36 92
36 93
36 94
36 98
36 102
36 103
36 105
36 106
36 107
36 108
36 110
36 112
36 114
36 115
36 117
36 118
36 120
36 121
36 122
36 123
36 125
36 126
36 127
36 128
36 129
36 131
36 132
36 133
36 134
36 135
36 136
36 137
36 139
36 140
36 141
36 144
36 147
36 148
36 153
36 154
36 155
36 157
36 158
36 159
36 160
36 161
36 162
36 163
36 164
36 165
36 166
36 168
36 169
36 170
36 171
36 172
36 173
36 174
36 175
36 176
36 177
36 178
36 179
36 180
36 182
36 183
36 185
36 186
36 188
36 189
36 190
36 191
36 193
36 194
36 195
36 196
36 197
36 199
36 200
37 41
37 43
37 45
37 46
37 47
37 48
37 50
37 51
37 52
37 53
37 56
37 57
37 59
37 60
37 62
37 63
37 64
37 65
37 66
37 68
37 69
37 70
37 71
37 72
37 74
37 75
37 76
37 77
37 81
37 82
37 83
37 84
37 86
37 87
37 90
37 92
37 93
37 94
37 95
37 98
37 99
37 100
37 102
37 103
37 104
37 105
37 106
37 108
37 109
37 110
37 111
37 112
37 114
37 115
37 116
37 117
37 118
37 119
37 120
37 121
37 122
37 123
37 124
37 125
37 127
37 128
37 129
37 130
37 132
37 135
37 136
37 137
37 138
37 140
37 142
37 143
37 144
37 145
37 146
37 147
37 148
37 149
37 150
37 151
37 152
37 153
37 155
37 156
37 157
37 159
37 161
37 162
37 163
37 164
37 165
37 166
37 167
37 168
37 169
37 170
37 171
37 172
37 173
37 176
37 177
37 178
37 180
37 183
37 184
37 185
37 186
37 187
37 189
37 192
37 193
37 195
37 197
37 198
37 199
38 39
38 40
38 41
38 43
38 44
38 47
38 48
38 50
38 51
38 52
38 54
38 55
38 56
38 57
38 62
38 63
38 66
38 67
38 68
38 70
38 72
38 74
38 75
38 76
38 77
38 78
38 80
38 83
38 84
38 86
38 87
38 88
38 89
38 90
38 91
38 92
38 93
38 95
38 96
38 97
38 98
38 99
38 101
38 102
38 104
38 106
38 107
38 108
38 110
38 111
38 114
38 116
38 117
38 118
38 119
38 120
38 121
38 122
38 123
38 124
38 125
38 126
38 127
38 128
38 129
38 133
38 134
38 136
38 138
38 140
38 141
38 143
38 144
38 146
38 148
38 149
38 150
38 155
38 157
38 158
38 159
38 160
38 162
38 164
38 165
38 168
38 170
38 172
38 173
38 175
38 177
38 179
38 180
38 182
38 184
38 185
38 186
38 187
38 188
38 190
38 192
38 193
38 194
38 195
38 196
38 197
38 198
38 199
38 200
39 40
39 41
39 42
39 43
39 44
39 45
39 46
39 51
39 53
39 54
39 55
39 56
39 57
39 58
39 59
39 60
39 61
39 63
39 64
39 66
39 67
39 69
39 71
39 72
39 73
39 74
39 75
39 76
39 80
39 81
39 82
39 83
39 85
39 86
39 87
39 88
39 91
39 92
39 93
39 97
39 98
39 99
39 100
39 101
39 102
39 103
39 104
39 106
39 107
39 109
39 110
39 111
39 113
39 114
39 115
39 116
39 117
39 119
39 120
39 121
39 122
39 125
39 126
39 130
39 131
39 132
39 134
39 135
39 137
39 138
39 139
39 140
39 143
39 144
39 146
39 147
39 148
39 149
39 150
39 151
39 152
39 153
39 154
39 155
39 158
39 159
39 161
39 163
39 164
39 165
39 166
39 168
39 170
39 171
39 173
39 175
39 176
39 177
39 180
39 181
39 182
39 183
39 184
39 185
39 187
39 188
39 189
39 190
39 192
39 193
39 195
39 196
39 198
39 199
40 41
40 42
40 43
40 44
40 46
40 47
40 48
40 49
40 50
40 51
40 52
40 53
40 54
40 55
40 56
40 59
40 60
40 61
40 63
40 64
40 66
40 67
40 68
40 69
40 70
40 71
40 72
40 73
40 74
40 75
40 77
40 78
40 80
40 81
40 83
40 85
40 86
40 87
40 88
40 89
40 91
40 93
40 94
40 95
40 96
40 97
40 99
40 101
40 103
40 105
40 106
40 107
40 108
40 109
40 110
40 111
40 112
40 114
40 115
40 116
40 117
40 118
40 119
40 120
40 121
40 122
40 123
40 124
40 125
40 127
40 128
40 129
40 130
40 131
40 132
40 133
40 134
40 135
40 137
40 138
40 139
40 141
40 142
40 143
40 144
40 145
40 146
40 147
40 148
40 151
40 155
40 156
40 157
40 160
40 161
40 163
40 164
40 167
40 169
40 170
40 173
40 174
40 177
40 178
40 179
40 180
40 182
40 183
40 184
40 185
40 187
40 188
40 190
40 191
40 194
40 196
40 199
41 42
41 47
41 48
41 49
41 53
41 55
41 57
41 58
41 59
41 60
41 61
41 62
41 64
41 65
41 66
41 68
41 69
41 70
41 72
41 74
41 76
41 78
41 79
41 80
41 81
41 82
41 87
41 91
41 92
41 93
41 94
41 95
41 96
41 97
41 98
41 101
41 102
41 103
41 104
41 105
41 107
41 108
41 110
41 112
41 113
41 114
41 115
41 116
41 117
41 119
41 122
41 124
41 126
41 127
41 128
41 129
41 130
41 132
41 133
41 135
41 136
41 137
41 138
41 139
41 140
41 141
41 142
41 144
41 148
41 149
41 150
41 152
41 154
41 156
41 157
41 158
41 159
41 160
41 163
41 164
41 166
41 167
41 168
41 172
41 173
41 175
41 177
41 178
41 179
41 181
41 183
41 184
41 185
41 186
41 187
41 188
41 189
41 190
41 191
41 192
41 193
41 194
41 196
41 197
41 198
41 199
42 43
42 44
42 46
42 48
42 50
42 51
42 53
42 54
42 56
42 59
42 60
42 62
42 63
42 65
42 66
42 68
42 69
42 70
42 71
42 73
42 75
42 76
42 77
42 78
42 79
42 81
42 82
42 83
42 84
42 85
42 87
42 88
42 89
42 90
42 91
42 92
42 93
42 94
42 95
42 96
42 97
42 98
42 99
42 100
42 101
42 102
42 103
42 104
42 105
42 106
42 107
42 108
42 109
42 110
42 111
42 112
42 113
42 114
42 115
42 117
42 118
42 119
42 120
42 125
42 126
42 127
42 128
42 129
42 131
42 132
42 133
42 135
42 137
42 138
42 141
42 142
42 143
42 144
42 146
42 148
42 149
42 150
42 154
42 155
42 156
42 157
42 159
42 160
42 161
42 162
42 164
42 165
42 166
42 167
42 168
42 171
42 173
42 175
42 176
42 177
42 178
42 179
42 180
42 181
42 182
42 183
42 184
42 186
42 187
42 191
42 192
42 194
42 195
42 197
42 199
42 200
43 45
43 46
43 47
43 48
43 49
43 50
43 52
43 53
43 56
43 57
43 59
43 62
43 63
43 65
43 67
43 68
43 70
43 72
43 73
43 74
43 75
43 76
43 77
43 78
43 81
43 82
43 83
43 84
43 85
43 86
43 87
43 89
43 90
43 93
43 96
43 98
43 100
43 101
43 102
43 103
43 105
43 107
43 109
43 110
43 111
43 112
43 114
43 115
43 118
43 119
43 120
43 121
43 122
43 123
43 125
43 126
43 129
43 131
43 132
43 133
43 136
43 137
43 138
43 140
43 141
43 142
43 143
43 148
43 149
43 153
43 155
43 156
43 157
43 158
43 162
43 163
43 164
43 166
43 167
43 168
43 169
43 170
43 171
43 172
43 174
43 175
43 176
43 177
43 179
43 180
43 181
43 184
43 186
43 188
43 189
43 190
43 191
43 192
43 194
43 196
43 199
44 46
44 47
44 48
44 49
44 51
44 52
44 53
44 54
44 55
44 56
44 58
44 61
44 62
44 63
44 64
44 68
44 69
44 70
44 71
44 74
44 75
44 77
44 78
44 80
44 81
44 83
44 85
44 86
44 87
44 88
44 91
44 92
44 93
44 94
44 95
44 96
44 97
44 98
44 100
44 104
44 105
44 106
44 109
44 110
44 111
44 112
44 113
44 114
44 116
44 118
44 119
44 121
44 122
44 123
44 124
44 125
44 127
44 128
44 130
44 132
44 133
44 134
44 135
44 136
44 138
44 139
44 140
44 141
44 142
44 143
44 145
44 146
44 147
44 148
44 149
44 150
44 151
44 152
44 154
44 156
44 157
44 160
44 161
44 162
44 163
44 164
44 165
44 166
44 167
44 168
44 169
44 171
44 172
44 174
44 175
44 178
44 179
44 180
44 182
44 183
44 184
44 185
44 188
44 189
44 191
44 192
44 193
44 194
44 195
44 196
44 198
44 199
45 46
45 47
45 48
45 49
45 51
45 52
45 53
45 54
45 55
45 56
45 57
45 58
45 59
45 60
45 61
45 62
45 64
45 65
45 66
45 67
45 68
45 69
45 71
45 72
45 74
45 75
45 77
45 79
45 81
45 82
45 83
45 85
45 86
45 87
45 88
45 90
45 91
45 92
45 93
45 94
45 96
45 97
45 98
45 99
45 100
45 102
45 103
45 104
45 106
45 107
45 109
45 111
45 112
45 113
45 114
45 116
45 118
45 119
45 120
45 121
45 122
45 123
45 124
45 125
45 126
45 127
45 128
45 129
45 130
45 131
45 132
45 133
45 134
45 135
45 136
45 137
45 140
45 141
45 142
45 143
45 144
45 145
45 146
45 147
45 151
45 152
45 153
45 154
45 155
45 156
45 157
45 158
45 159
45 160
45 162
45 164
45 165
45 167
45 168
45 169
45 170
45 172
45 173
45 174
45 175
45 177
45 179
45 180
45 181
45 182
45 183
45 184
45 185
45 188
45 189
45 190
45 193
45 194
45 195
45 196
45 197
45 198
45 199
45 200
46 48
46 50
46 51
46 54
46 55
46 57
46 59
46 61
46 62
46 63
46 66
46 68
46 73
46 74
46 75
46 77
46 78
46 79
46 81
46 83
46 84
46 85
46 87
46 89
46 90
46 91
46 96
46 97
46 98
46 100
46 101
46 102
46 103
46 104
46 105
46 107
46 108
46 109
46 110
46 111
46 113
46 114
46 115
46 116
46 117
46 118
46 120
46 122
46 124
46 126
46 129
46 130
46 131
46 132
46 133
46 134
46 137
46 138
46 139
46 140
46 141
46 143
46 144
46 145
46 146
46 148
46 149
46 150
46 152
46 153
46 155
46 156
46 157
46 158
46 160
46 162
46 165
46 166
46 168
46 169
46 170
46 172
46 173
46 174
46 175
46 176
46 177
46 178
46 181
46 182
46 185
46 186
46 187
46 188
46 189
46 190
46 193
46 197
46 199
46 200
47 48
47 50
47 52
47 54
47 55
47 56
47 57
47 59
47 60
47 62
47 63
47 64
47 65
47 66
47 67
47 68
47 69
47 70
47 73
47 74
47 75
47 76
47 77
47 81
47 85
47 86
47 87
47 91
47 92
47 94
47 95
47 97
47 98
47 99
47 100
47 104
47 105
47 106
47 108
47 109
47 112
47 113
47 115
47 116
47 117
47 118
47 119
47 120
47 121
47 122
47 123
47 124
47 125
47 127
47 128
47 129
47 130
47 131
47 132
47 133
47 134
47 135
47 136
47 137
47 140
47 141
47 142
47 143
47 146
47 147
47 148
47 151
47 152
47 153
47 154
47 155
47 160
47 162
47 163
47 164
47 165
47 166
47 167
47 170
47 173
47 175
47 176
47 177
47 178
47 179
47 180
47 182
47 184
47 185
47 186
47 187
47 188
47 189
47 191
47 195
47 197
48 49
48 51
48 52
48 53
48 55
48 57
48 59
48 60
48 61
48 62
48 63
48 65
48 66
48 67
48 69
48 70
48 73
48 74
48 75
48 76
48 78
48 79
48 80
48 81
48 82
48 83
48 84
48 85
48 88
48 89
48 90
48 92
48 93
48 94
48 96
48 97
48 99
48 101
48 104
48 105
48 106
48 108
48 109
48 110
48 113
48 114
48 115
48 116
48 118
48 120
48 121
48 122
48 124
48 125
48 126
48 127
48 130
48 131
48 132
48 133
48 135
48 138
48 139
48 141
48 143
48 145
48 146
48 147
48 148
48 149
48 150
48 151
48 152
48 153
48 154
48 155
48 156
48 157
48 158
48 160
48 161
48 163
48 166
48 169
48 171
48 173
48 174
48 175
48 176
48 177
48 178
48 179
48 180
48 183
48 184
48 185
48 186
48 187
48 188
48 189
48 190
48 193
48 196
48 197
48 198
48 199
48 200
49 50
49 52
49 53
49 54
49 55
49 57
49 58
49 59
49 60
49 62
49 63
49 64
49 65
49 66
49 67
49 68
49 70
49 71
49 73
49 74
49 77
49 78
49 79
49 80
49 81
49 82
49 83
49 84
49 85
49 88
49 89
49 90
49 91
49 92
49 93
49 94
49 96
49 97
49 98
49 100
49 101
49 102
49 103
49 104
49 107
49 108
49 109
49 110
49 111
49 113
49 114
49 115
49 116
49 117
49 120
49 121
49 122
49 123
49 126
49 127
49 129
49 130
49 131
49 132
49 133
49 134
49 135
49 136
49 137
49 139
49 140
49 141
49 145
49 146
49 147
49 150
49 151
49 152
49 153
49 154
49 156
49 158
49 159
49 160
49 161
49 162
49 163
49 164
49 167
49 168
49 169
49 170
49 171
49 172
49 173
49 177
49 178
49 180
49 181
49 182
49 183
49 184
49 185
49 186
49 187
49 188
49 189
49 190
49 191
49 192
49 193
49 194
49 195
49 196
49 197
49 198
49 199
49 200
50 51
50 52
50 53
50 54
50 55
50 57
50 58
50 59
50 60
50 62
50 63
50 64
50 67
50 68
50 69
50 74
50 75
50 76
50 77
50 78
50 79
50 80
50 82
50 83
50 85
50 86
50 87
50 88
50 90
50 92
50 93
50 94
50 95
50 96
50 97
50 99
50 100
50 101
50 102
50 103
50 104
50 105
50 106
50 110
50 111
50 114
50 115
50 118
50 119
50 120
50 121
50 122
50 123
50 124
50 125
50 126
50 127
50 129
50 130
50 131
50 132
50 135
50 137
50 138
50 139
50 140
50 145
50 147
50 148
50 149
50 150
50 151
50 154
50 155
50 156
50 160
50 162
50 163
50 167
50 168
50 169
50 170
50 176
50 178
50 181
50 182
50 183
50 184
50 185
50 186
50 187
50 188
50 190
50 191
50 192
50 193
50 194
50 196
50 197
50 200
51 53
51 54
51 55
51 57
51 58
51 61
51 64
51 65
51 67
51 68
51 70
51 71
51 75
51 76
51 77
51 78
51 79
51 80
51 82
51 85
51 86
51 87
51 88
51 91
51 92
51 93
51 95
51 96
51 97
51 98
51 99
51 100
51 102
51 106
51 109
51 110
51 111
51 112
51 113
51 114
51 117
51 119
51 120
51 121
51 122
51 123
51 124
51 126
51 127
51 130
51 134
51 135
51 136
51 137
51 139
51 141
51 142
51 143
51 144
51 145
51 146
51 147
51 148
51 149
51 150
51 151
51 152
51 154
51 155
51 156
51 157
51 159
51 161
51 162
51 164
51 166
51 167
51 169
51 170
51 175
51 176
51 177
51 180
51 181
51 182
51 183
51 184
51 185
51 186
51 187
51 188
51 189
51 190
51 192
51 193
51 194
51 195
51 196
51 198
51 199
52 54
52 55
52 56
52 57
52 58
52 60
52 61
52 63
52 64
52 65
52 66
52 67
52 70
52 71
52 72
52 74
52 76
52 77
52 82
52 83
52 84
52 86
52 87
52 88
52 89
52 90
52 91
52 92
52 93
52 94
52 95
52 96
52 98
52 99
52 101
52 102
52 103
52 104
52 105
52 106
52 107
52 108
52 110
52 112
52 114
52 115
52 116
52 117
52 118
52 119
52 120
52 121
52 122
52 123
52 124
52 125
52 126
52 129
52 130
52 131
52 133
52 136
52 137
52 138
52 141
52 142
52 143
52 145
52 148
52 150
52 151
52 152
52 154
52 156
52 157
52 158
52 160
52 161
52 162
52 164
52 165
52 166
52 167
52 168
52 169
52 170
52 171
52 172
52 173
52 177
52 178
52 180
52 182
52 183
52 185
52 186
52 188
52 189
52 190
52 194
52 196
52 197
52 198
52 199
53 54
53 56
53 58
53 60
53 61
53 62
53 63
53 65
53 66
53 67
53 68
53 69
53 71
53 72
53 73
53 74
53 75
53 76
53 78
53 79
53 80
53 83
53 84
53 87
53 88
53 89
53 90
53 91
53 93
53 94
53 95
53 96
53 97
53 98
53 99
53 100
53 101
53 102
53 103
53 104
53 105
53 106
53 110
53 111
53 112
53 113
53 114
53 115
53 116
53 117
53 118
53 121
53 122
53 123
53 124
53 125
53 126
53 127
53 128
53 130
53 131
53 132
53 134
53 136
53 137
53 138
53 141
53 142
53 145
53 147
53 150
53 153
53 155
53 156
53 159
53 160
53 161
53 162
53 163
53 164
53 165
53 166
53 169
53 170
53 171
53 172
53 174
53 175
53 176
53 178
53 179
53 180
53 181
53 182
53 183
53 184
53 185
53 186
53 187
53 188
53 190
53 191
53 197
54 55
54 56
54 57
54 58
54 60
54 61
54 62
54 64
54 65
54 66
54 67
54 68
54 69
54 71
54 73
54 74
54 75
54 76
54 77
54 78
54 84
54 85
54 87
54 88
54 89
54 90
54 92
54 93
54 94
54 96
54 97
54 98
54 99
54 100
54 101
54 102
54 103
54 105
54 109
54 110
54 111
54 112
54 113
54 114
54 115
54 116
54 118
54 122
54 124
54 125
54 126
54 127
54 128
54 130
54 131
54 132
54 133
54 134
54 135
54 136
54 137
54 138
54 139
54 140
54 143
54 144
54 145
54 146
54 147
54 148
54 149
54 150
54 151
54 152
54 153
54 154
54 156
54 157
54 159
54 160
54 161
54 163
54 164
54 165
54 166
54 167
54 168
54 170
54 171
54 172
54 173
54 174
54 176
54 177
54 178
54 179
54 181
54 182
54 183
54 185
54 186
54 188
54 189
54 190
54 191
54 192
54 193
54 194
54 195
54 196
54 197
54 198
54 199
54 200
55 57
55 59
55 60
55 61
55 63
55 65
55 69
55 70
55 71
55 72
55 74
55 76
55 77
55 78
55 80
55 81
55 82
55 83
55 87
55 88
55 89
55 90
55 91
55 93
55 94
55 96
55 98
55 99
55 100
55 103
55 107
55 109
55 111
55 112
55 113
55 114
55 115
55 116
55 118
55 119
55 120
55 121
55 122
55 124
55 126
55 127
55 130
55 131
55 132
55 133
55 134
55 137
55 138
55 140
55 141
55 144
55 145
55 146
55 147
55 148
55 149
55 151
55 152
55 154
55 155
55 156
55 157
55 160
55 162
55 165
55 166
55 168
55 169
55 170
55 171
55 172
55 173
55 174
55 175
55 176
55 177
55 178
55 179
55 181
55 182
55 183
55 184
55 185
55 186
55 187
55 188
55 189
55 191
55 192
55 193
55 194
55 195
55 196
55 197
55 198
55 199
55 200
56 58
56 59
56 60
56 61
56 62
56 63
56 64
56 65
56 66
56 69
56 70
56 71
56 73
56 74
56 75
56 76
56 78
56 79
56 80
56 81
56 82
56 83
56 84
56 86
56 87
56 88
56 89
56 90
56 91
56 92
56 93
56 94
56 95
56 96
56 97
56 98
56 99
56 102
56 104
56 105
56 106
56 107
56 112
56 113
56 115
56 117
56 119
56 120
56 121
56 123
56 125
56 126
56 129
56 130
56 133
56 134
56 135
56 136
56 137
56 138
56 139
56 141
56 142
56 145
56 146
56 147
56 149
56 150
56 152
56 155
56 156
56 157
56 158
56 159
56 161
56 164
56 165
56 166
56 167
56 168
56 169
56 171
56 172
56 173
56 174
56 175
56 176
56 177
56 178
56 179
56 181
56 182
56 185
56 187
56 188
56 189
56 190
56 192
56 193
56 194
56 195
56 197
56 198
56 199
57 59
57 60
57 62
57 64
57 65
57 66
57 67
57 68
57 70
57 71
57 72
57 76
57 80
57 81
57 84
57 88
57 93
57 94
57 99
57 102
57 103
57 104
57 105
57 106
57 107
57 108
57 109
57 111
57 112
57 113
57 118
57 119
57 121
57 126
57 128
57 129
57 130
57 131
57 132
57 133
57 136
57 138
57 139
57 140
57 141
57 142
57 143
57 144
57 145
57 147
57 148
57 149
57 150
57 151
57 152
57 153
57 154
57 157
57 159
57 163
57 164
57 165
57 166
57 167
57 168
57 170
57 171
57 172
57 174
57 175
57 178
57 181
57 183
57 184
57 188
57 190
57 191
57 192
57 193
57 194
57 195
58 60
58 64
58 70
58 71
58 72
58 73
58 74
58 75
58 78
58 79
58 80
58 81
58 86
58 87
58 89
58 90
58 91
58 94
58 97
58 98
58 100
58 101
58 102
58 103
58 108
58 109
58 110
58 111
58 113
58 114
58 115
58 116
58 118
58 119
58 120
58 121
58 122
58 123
58 124
58 126
58 127
58 129
58 130
58 131
58 133
58 134
58 135
58 138
58 140
58 141
58 142
58 144
58 147
58 148
58 149
58 150
58 151
58 155
58 156
58 157
58 158
58 160
58 161
58 162
58 164
58 165
58 166
58 167
58 168
58 170
58 172
58 173
58 174
58 176
58 179
58 181
58 182
58 184
58 185
58 186
58 188
58 189
58 190
58 192
58 193
58 195
58 196
58 197
58 198
58 199
59 60
59 61
59 62
59 64
59 65
59 66
59 67
59 68
59 69
59 70
59 71
59 77
59 79
59 80
59 81
59 82
59 83
59 84
59 86
59 87
59 89
59 90
59 91
59 92
59 96
59 97
59 98
59 99
59 101
59 103
59 105
59 106
59 107
59 108
59 109
59 110
59 112
59 113
59 115
59 117
59 119
59 120
59 121
59 122
59 123
59 124
59 125
59 126
59 127
59 128
59 129
59 130
59 131
59 132
59 135
59 136
59 137
59 139
59 140
59 141
59 142
59 143
59 146
59 147
59 148
59 149
59 150
59 151
59 152
59 153
59 154
59 155
59 157
59 158
59 159
59 161
59 162
59 163
59 164
59 165
59 166
59 168
59 171
59 175
59 176
59 177
59 179
59 180
59 181
59 182
59 184
59 186
59 187
59 188
59 189
59 190
59 191
59 194
59 195
59 196
59 197
59 198
59 199
59 200
60 61
60 63
60 65
60 66
60 67
60 68
60 69
60 70
60 71
60 72
60 73
60 75
60 77
60 78
60 79
60 80
60 81
60 82
60 83
60 84
60 86
60 87
60 90
60 91
60 93
60 95
60 96
60 97
60 101
60 102
60 104
60 110
60 111
60 112
60 113
60 114
60 116
60 117
60 118
60 119
60 120
60 121
60 122
60 124
60 125
60 126
60 128
60 129
60 130
60 131
60 132
60 136
60 137
60 138
60 140
60 141
60 143
60 145
60 146
60 148
60 149
60 153
60 154
60 155
60 156
60 157
60 160
60 162
60 163
60 165
60 166
60 167
60 169
60 170
60 171
60 172
60 173
60 174
60 175
60 176
60 177
60 178
60 180
60 181
60 183
60 184
60 186
60 187
60 188
60 189
60 190
60 192
60 193
60 196
60 197
60 198
60 199
60 200
61 62
61 63
61 64
61 65
61 66
61 67
61 69
61 71
61 74
61 75
61 76
61 78
61 79
61 80
61 81
61 82
61 83
61 85
61 87
61 88
61 89
61 90
61 91
61 92
61 94
61 95
61 97
61 98
61 99
61 100
61 102
61 104
61 105
61 106
61 107
61 108
61 110
61 111
61 112
61 113
61 114
61 118
61 119
61 120
61 121
61 124
61 125
61 129
61 130
61 131
61 132
61 133
61 134
61 135
61 138
61 140
61 141
61 143
61 145
61 146
61 148
61 149
61 151
61 152
61 153
61 154
61 155
61 157
61 159
61 161
61 162
61 163
61 164
61 165
61 166
61 168
61 171
61 172
61 175
61 176
61 177
61 179
61 180
61 185
61 186
61 188
61 189
61 190
61 191
61 192
61 196
61 197
61 198
62 63
62 64
62 66
62 67
62 69
62 71
62 72
62 74
62 75
62 76
62 79
62 80
62 82
62 85
62 86
62 87
62 89
62 90
62 92
62 93
62 96
62 97
62 98
62 99
62 102
62 103
62 104
62 106
62 108
62 109
62 111
62 112
62 113
62 114
62 118
62 119
62 120
62 122
62 123
62 124
62 125
62 126
62 129
62 130
62 132
62 134
62 135
62 136
62 137
62 139
62 141
62 142
62 143
62 145
62 149
62 150
62 154
62 155
62 157
62 158
62 159
62 160
62 161
62 162
62 163
62 165
62 166
62 167
62 168
62 169
62 171
62 172
62 175
62 176
62 179
62 180
62 182
62 184
62 185
62 188
62 189
62 190
62 191
62 192
62 194
62 195
62 196
62 197
62 198
62 199
63 64
63 67
63 68
63 69
63 70
63 71
63 72
63 73
63 74
63 75
63 76
63 77
63 78
63 80
63 81
63 83
63 84
63 85
63 86
63 88
63 91
63 93
63 94
63 96
63 98
63 99
63 100
63 101
63 102
63 103
63 104
63 105
63 107
63 110
63 111
63 112
63 114
63 115
63 116
63 117
63 118
63 119
63 120
63 121
63 122
63 123
63 124
63 126
63 129
63 130
63 133
63 134
63 135
63 137
63 138
63 139
63 142
63 143
63 144
63 146
63 149
63 150
63 151
63 153
63 154
63 155
63 156
63 157
63 158
63 159
63 160
63 161
63 162
63 165
63 167
63 168
63 169
63 171
63 172
63 173
63 174
63 175
63 176
63 177
63 178
63 179
63 180
63 182
63 183
63 184
63 186
63 187
63 188
63 190
63 191
63 192
63 194
63 197
63 198
63 200
64 67
64 69
64 70
64 71
64 72
64 73
64 74
64 76
64 77
64 80
64 81
64 82
64 83
64 86
64 87
64 89
64 90
64 91
64 92
64 93
64 94
64 95
64 97
64 98
64 99
64 100
64 102
64 105
64 106
64 108
64 109
64 110
64 111
64 114
64 115
64 116
64 117
64 118
64 120
64 121
64 123
64 124
64 125
64 126
64 127
64 128
64 131
64 132
64 133
64 134
64 135
64 137
64 138
64 139
64 140
64 142
64 144
64 145
64 146
64 149
64 150
64 152
64 153
64 154
64 155
64 157
64 159
64 161
64 163
64 167
64 172
64 174
64 175
64 176
64 177
64 178
64 179
64 180
64 182
64 183
64 184
64 186
64 187
64 188
64 189
64 190
64 191
64 192
64 193
64 194
64 196
64 197
64 198
64 199
64 200
65 66
65 67
65 70
65 71
65 72
65 73
65 75
65 78
65 79
65 80
65 81
65 82
65 83
65 84
65 86
65 87
65 88
65 89
65 90
65 92
65 93
65 94
65 95
65 96
65 97
65 98
65 100
65 101
65 103
65 104
65 105
65 106
65 107
65 108
65 109
65 111
65 113
65 114
65 115
65 116
65 117
65 118
65 119
65 121
65 122
65 123
65 124
65 125
65 126
65 127
65 129
65 131
65 132
65 133
65 134
65 135
65 137
65 139
65 140
65 142
65 143
65 146
65 148
65 150
65 151
65 154
65 155
65 156
65 157
65 158
65 161
65 162
65 163
65 164
65 167
65 168
65 169
65 170
65 173
65 174
65 175
65 176
65 177
65 178
65 179
65 180
65 181
65 182
65 183
65 187
65 188
65 191
65 192
65 196
65 197
65 198
65 199
66 67
66 68
66 69
66 70
66 72
66 74
66 75
66 78
66 79
66 81
66 83
66 84
66 85
66 86
66 88
66 90
66 91
66 92
66 93
66 94
66 95
66 96
66 97
66 98
66 99
66 100
66 102
66 103
66 104
66 107
66 109
66 111
66 112
66 113
66 115
66 116
66 117
66 118
66 119
66 120
66 122
66 123
66 124
66 125
66 126
66 127
66 129
66 130
66 132
66 133
66 136
66 138
66 139
66 140
66 142
66 143
66 144
66 145
66 146
66 147
66 148
66 149
66 150
66 151
66 154
66 155
66 156
66 158
66 159
66 161
66 162
66 163
66 165
66 166
66 168
66 169
66 170
66 171
66 172
66 173
66 174
66 175
66 176
66 177
66 178
66 179
66 180
66 181
66 182
66 184
66 185
66 186
66 187
66 190
66 192
66 193
66 198
66 199
66 200
67 68
67 71
67 74
67 75
67 76
67 78
67 79
67 80
67 81
67 82
67 84
67 85
67 87
67 88
67 89
67 90
67 92
67 93
67 95
67 96
67 98
67 99
67 100
67 101
67 102
67 103
67 104
67 105
67 106
67 107
67 108
67 110
67 111
67 113
67 114
67 115
67 116
67 117
67 118
67 119
67 120
67 121
67 123
67 124
67 125
67 126
67 127
67 128
67 129
67 130
67 133
67 134
67 135
67 137
67 138
67 139
67 140
67 141
67 143
67 144
67 146
67 147
67 149
67 150
67 151
67 152
67 154
67 155
67 156
67 158
67 159
67 160
67 161
67 162
67 165
67 166
67 167
67 168
67 169
67 172
67 175
67 176
67 177
67 178
67 179
67 180
67 182
67 184
67 186
67 188
67 189
67 193
67 194
67 195
67 196
67 198
67 199
67 200
68 69
68 70
68 71
68 72
68 73
68 74
68 75
68 76
68 77
68 79
68 80
68 81
68 82
68 83
68 86
68 87
68 88
68 89
68 91
68 92
68 93
68 95
68 97
68 99
68 100
68 101
68 103
68 104
68 105
68 106
68 107
68 108
68 110
68 111
68 112
68 115
68 116
68 117
68 118
68 120
68 122
68 123
68 127
68 129
68 132
68 135
68 137
68 138
68 139
68 142
68 144
68 146
68 147
68 148
68 149
68 150
68 151
68 152
68 154
68 156
68 157
68 159
68 160
68 161
68 162
68 163
68 164
68 165
68 168
68 169
68 170
68 172
68 173
68 174
68 176
68 177
68 178
68 179
68 180
68 181
68 183
68 184
68 185
68 187
68 188
68 189
68 190
68 193
68 194
68 196
68 197
68 200
69 72
69 73
69 74
69 75
69 76
69 77
69 78
69 79
69 81
69 83
69 85
69 87
69 88
69 90
69 91
69 92
69 93
69 96
69 98
69 99
69 100
69 102
69 104
69 106
69 107
69 108
69 109
69 110
69 111
69 113
69 115
69 116
69 118
69 119
69 121
69 122
69 123
69 124
69 125
69 126
69 129
69 130
69 131
69 132
69 133
69 134
69 135
69 138
69 139
69 140
69 141
69 142
69 145
69 146
69 147
69 148
69 150
69 154
69 155
69 156
69 157
69 158
69 159
69 162
69 163
69 165
69 168
69 169
69 170
69 171
69 175
69 176
69 177
69 178
69 179
69 182
69 184
69 185
69 187
69 188
69 190
69 191
69 192
69 193
69 194
69 195
69 196
69 197
69 198
69 199
69 200
70 73
70 74
70 76
70 78
70 79
70 80
70 81
70 82
70 83
70 84
70 85
70 86
70 87
70 88
70 89
70 90
70 91
70 92
70 93
70 95
70 96
70 98
70 99
70 100
70 102
70 103
70 104
70 106
70 108
70 109
70 112
70 113
70 114
70 115
70 116
70 117
70 119
70 120
70 122
70 123
70 126
70 128
70 129
70 130
70 131
70 132
70 136
70 141
70 142
70 144
70 145
70 146
70 149
70 151
70 152
70 155
70 156
70 157
70 159
70 160
70 161
70 164
70 166
70 168
70 171
70 172
70 173
70 174
70 176
70 177
70 180
70 182
70 183
70 184
70 185
70 187
70 189
70 190
70 191
70 192
70 193
70 195
70 196
70 197
70 198
70 199
71 72
71 73
71 76
71 77
71 79
71 80
71 81
71 82
71 84
71 85
71 87
71 88
71 90
71 91
71 92
71 93
71 94
71 95
71 96
71 97
71 98
71 100
71 101
71 102
71 103
71 105
71 107
71 108
71 110
71 111
71 112
71 113
71 114
71 116
71 117
71 118
71 121
71 122
71 123
71 125
71 126
71 128
71 130
71 132
71 133
71 134
71 135
71 136
71 137
71 138
71 139
71 140
71 141
71 142
71 144
71 145
71 147
71 148
71 149
71 151
71 154
71 155
71 156
71 158
71 159
71 160
71 161
71 162
71 165
71 167
71 168
71 171
71 173
71 174
71 177
71 178
71 180
71 181
71 183
71 184
71 185
71 186
71 187
71 188
71 189
71 192
71 193
71 194
71 195
71 196
71 198
71 200
72 73
72 74
72 75
72 78
72 81
72 82
72 83
72 84
72 85
72 86
72 87
72 88
72 89
72 92
72 93
72 96
72 97
72 98
72 100
72 101
72 102
72 103
72 104
72 106
72 108
72 110
72 112
72 113
72 114
72 115
72 117
72 118
72 119
72 120
72 121
72 123
72 124
72 125
72 126
72 129
72 130
72 132
72 133
72 134
72 142
72 146
72 147
72 149
72 150
72 151
72 152
72 155
72 156
72 159
72 160
72 161
72 162
72 163
72 164
72 165
72 167
72 168
72 169
72 170
72 171
72 173
72 174
72 175
72 176
72 177
72 179
72 180
72 181
72 182
72 183
72 184
72 185
72 188
72 189
72 190
72 192
72 193
72 195
72 197
72 198
73 74
73 75
73 76
73 78
73 80
73 81
73 82
73 83
73 85
73 86
73 87
73 90
73 91
73 92
73 96
73 99
73 100
73 101
73 103
73 104
73 105
73 106
73 108
73 109
73 110
73 111
73 112
73 114
73 115
73 118
73 119
73 120
73 121
73 122
73 124
73 125
73 128
73 129
73 130
73 131
73 132
73 133
73 134
73 136
73 137
73 138
73 139
73 140
73 141
73 142
73 144
73 146
73 147
73 149
73 150
73 151
73 153
73 155
73 156
73 157
73 158
73 159
73 160
73 161
73 162
73 166
73 167
73 170
73 171
73 172
73 173
73 174
73 175
73 176
73 177
73 178
73 180
73 181
73 183
73 184
73 187
73 188
73 190
73 191
73 192
73 194
73 198
73 199
73 200
74 76
74 78
74 80
74 82
74 83
74 84
74 85
74 86
74 87
74 88
74 90
74 91
74 92
74 93
74 94
74 95
74 96
74 97
74 98
74 100
74 101
74 102
74 104
74 105
74 106
74 108
74 110
74 115
74 116
74 118
74 119
74 120
74 122
74 124
74 127
74 128
74 129
74 130
74 132
74 135
74 136
74 137
74 138
74 139
74 141
74 143
74 144
74 147
74 148
74 150
74 152
74 153
74 154
74 155
74 157
74 158
74 159
74 162
74 163
74 165
74 166
74 167
74 168
74 169
74 170
74 171
74 172
74 173
74 175
74 176
74 177
74 178
74 179
74 183
74 184
74 185
74 186
74 187
74 188
74 191
74 193
74 195
74 196
74 197
74 198
74 199
74 200
75 79
75 80
75 84
75 86
75 88
75 89
75 90
75 91
75 92
75 93
75 94
75 97
75 98
75 101
75 103
75 105
75 106
75 107
75 108
75 109
75 110
75 111
75 114
75 115
75 117
75 118
75 121
75 122
75 123
75 125
75 126
75 127
75 128
75 130
75 131
75 134
75 138
75 139
75 140
75 141
75 143
75 144
75 145
75 146
75 147
75 149
75 151
75 154
75 155
75 156
75 157
75 158
75 159
75 160
75 162
75 163
75 164
75 165
75 168
75 169
75 170
75 171
75 172
75 174
75 175
75 176
75 177
75 178
75 181
75 182
75 183
75 186
75 187
75 188
75 189
75 190
75 191
75 192
75 193
75 194
75 197
75 199
76 77
76 78
76 79
76 80
76 81
76 82
76 84
76 86
76 87
76 89
76 90
76 91
76 92
76 94
76 95
76 96
76 97
76 98
76 99
76 100
76 102
76 103
76 104
76 105
76 108
76 109
76 111
76 112
76 113
76 114
76 115
76 116
76 117
76 118
76 120
76 121
76 122
76 124
76 125
76 126
76 127
76 128
76 129
76 130
76 131
76 133
76 134
76 135
76 136
76 138
76 140
76 143
76 144
76 145
76 146
76 147
76 148
76 149
76 150
76 153
76 154
76 155
76 159
76 160
76 161
76 162
76 163
76 164
76 166
76 167
76 168
76 169
76 170
76 171
76 175
76 176
76 177
76 178
76 180
76 182
76 184
76 186
76 187
76 188
76 189
76 190
76 192
76 193
76 194
76 195
76 196
76 197
76 198
76 199
76 200
77 79
77 80
77 83
77 86
77 87
77 88
77 89
77 90
77 91
77 92
77 94
77 96
77 97
77 98
77 100
77 101
77 103
77 104
77 105
77 108
77 112
77 113
77 114
77 115
77 117
77 118
77 119
77 120
77 123
77 127
77 129
77 130
77 131
77 132
77 133
77 136
77 137
77 138
77 139
77 140
77 143
77 144
77 145
77 146
77 147
77 148
77 149
77 150
77 151
77 152
77 154
77 155
77 156
77 157
77 158
77 159
77 160
77 162
77 165
77 167
77 168
77 171
77 173
77 174
77 175
77 176
77 180
77 181
77 183
77 184
77 188
77 190
77 191
77 192
77 193
77 195
77 199
78 79
78 81
78 82
78 83
78 84
78 85
78 87
78 88
78 91
78 92
78 95
78 96
78 97
78 99
78 100
78 102
78 106
78 108
78 109
78 110
78 113
78 114
78 115
78 116
78 117
78 119
78 120
78 121
78 122
78 123
78 124
78 125
78 127
78 128
78 129
78 130
78 132
78 133
78 134
78 135
78 137
78 138
78 139
78 141
78 142
78 143
78 144
78 145
78 146
78 149
78 150
78 152
78 154
78 155
78 156
78 158
78 159
78 161
78 162
78 163
78 164
78 165
78 168
78 169
78 170
78 171
78 173
78 174
78 175
78 176
78 177
78 178
78 180
78 181
78 184
78 185
78 186
78 188
78 190
78 192
78 193
78 195
78 196
78 198
78 199
78 200
79 81
79 83
79 85
79 86
79 87
79 88
79 89
79 91
79 93
79 94
79 95
79 97
79 98
79 99
79 100
79 102
79 103
79 105
79 106
79 109
79 111
79 112
79 114
79 116
79 118
79 122
79 123
79 124
79 125
79 126
79 129
79 130
79 131
79 132
79 135
79 137
79 140
79 143
79 144
79 145
79 147
79 148
79 149
79 150
79 152
79 153
79 156
79 159
79 161
79 163
79 165
79 166
79 167
79 168
79 169
79 171
79 172
79 173
79 175
79 176
79 179
79 180
79 181
79 182
79 183
79 184
79 185
79 187
79 189
79 190
79 191
79 192
79 193
79 195
79 197
79 198
79 199
80 81
80 83
80 86
80 87
80 93
80 94
80 96
80 98
80 99
80 101
80 103
80 104
80 105
80 106
80 107
80 109
80 110
80 111
80 112
80 113
80 114
80 115
80 117
80 118
80 120
80 121
80 122
80 124
80 125
80 126
80 127
80 128
80 129
80 130
80 131
80 133
80 134
80 135
80 136
80 137
80 138
80 139
80 140
80 141
80 143
80 144
80 146
80 147
80 149
80 151
80 153
80 155
80 157
80 158
80 160
80 161
80 162
80 163
80 165
80 167
80 168
80 170
80 171
80 172
80 174
80 176
80 177
80 178
80 179
80 180
80 181
80 185
80 187
80 188
80 189
80 190
80 192
80 193
80 194
80 196
80 198
80 199
80 200
81 84
81 86
81 87
81 88
81 89
81 90
81 92
81 94
81 96
81 97
81 100
81 104
81 105
81 106
81 109
81 112
81 113
81 114
81 115
81 116
81 118
81 119
81 121
81 124
81 126
81 127
81 131
81 132
81 133
81 134
81 135
81 136
81 137
81 140
81 141
81 142
81 144
81 145
81 146
81 147
81 148
81 149
81 150
81 151
81 152
81 154
81 155
81 157
81 158
81 159
81 162
81 163
81 166
81 167
81 170
81 171
81 174
81 175
81 177
81 178
81 180
81 181
81 182
81 184
81 185
81 186
81 187
81 189
81 190
81 191
81 192
81 194
81 195
81 196
81 197
81 198
81 200
82 83
82 84
82 85
82 87
82 88
82 91
82 92
82 93
82 95
82 96
82 97
82 98
82 99
82 100
82 102
82 103
82 104
82 105
82 106
82 112
82 113
82 115
82 116
82 117
82 118
82 119
82 120
82 121
82 122
82 124
82 129
82 130
82 131
82 132
82 133
82 134
82 135
82 136
82 138
82 140
82 141
82 142
82 143
82 144
82 147
82 149
82 150
82 151
82 153
82 155
82 157
82 158
82 159
82 161
82 163
82 164
82 165
82 167
82 168
82 171
82 172
82 173
82 174
82 178
82 179
82 181
82 183
82 184
82 185
82 186
82 189
82 190
82 191
82 194
82 197
82 198
82 199
83 84
83 85
83 86
83 87
83 88
83 89
83 90
83 92
83 93
83 97
83 98
83 99
83 100
83 104
83 106
83 108
83 109
83 111
83 112
83 114
83 115
83 116
83 118
83 119
83 120
83 122
83 125
83 126
83 127
83 129
83 131
83 132
83 133
83 135
83 136
83 137
83 139
83 141
83 142
83 144
83 147
83 148
83 149
83 150
83 151
83 152
83 153
83 154
83 155
83 156
83 158
83 159
83 160
83 162
83 163
83 165
83 166
83 167
83 168
83 169
83 170
83 171
83 172
83 173
83 175
83 176
83 179
83 180
83 182
83 183
83 186
83 187
83 188
83 189
83 190
83 191
83 193
83 194
83 195
83 196
83 197
83 198
83 199
84 86
84 87
84 88
84 89
84 91
84 92
84 93
84 94
84 95
84 98
84 102
84 103
84 105
84 106
84 107
84 108
84 110
84 111
84 112
84 113
84 116
84 117
84 118
84 119
84 120
84 121
84 123
84 125
84 126
84 128
84 129
84 130
84 132
84 133
84 134
84 135
84 138
84 140
84 141
84 142
84 144
84 145
84 148
84 149
84 151
84 153
84 154
84 157
84 159
84 160
84 161
84 162
84 163
84 164
84 165
84 166
84 167
84 168
84 169
84 170
84 171
84 173
84 175
84 178
84 179
84 180
84 184
84 186
84 188
84 189
84 190
84 192
84 193
84 195
84 196
84 197
84 198
84 199
84 200
85 86
85 87
85 88
85 89
85 91
85 92
85 93
85 96
85 97
85 98
85 99
85 100
85 101
85 102
85 103
85 104
85 105
85 107
85 111
85 113
85 116
85 117
85 118
85 120
85 123
85 124
85 126
85 127
85 128
85 129
85 131
85 132
85 133
85 135
85 138
85 142
85 143
85 144
85 145
85 146
85 147
85 149
85 152
85 154
85 156
85 157
85 159
85 160
85 162
85 163
85 167
85 168
85 171
85 175
85 176
85 177
85 178
85 180
85 182
85 185
85 186
85 188
85 189
85 191
85 192
85 193
85 195
85 196
85 199
85 200
86 87
86 90
86 91
86 92
86 93
86 94
86 96
86 99
86 100
86 103
86 104
86 107
86 108
86 110
86 111
86 112
86 113
86 114
86 116
86 118
86 121
86 122
86 124
86 125
86 127
86 130
86 132
86 134
86 135
86 136
86 137
86 138
86 139
86 141
86 142
86 143
86 144
86 145
86 146
86 147
86 148
86 150
86 151
86 153
86 155
86 160
86 162
86 163
86 164
86 165
86 166
86 167
86 168
86 169
86 171
86 172
86 173
86 174
86 176
86 177
86 178
86 179
86 180
86 181
86 182
86 183
86 184
86 186
86 187
86 188
86 189
86 190
86 191
86 193
86 196
86 198
87 88
87 91
87 92
87 93
87 94
87 96
87 97
87 100
87 101
87 102
87 103
87 105
87 107
87 109
87 111
87 112
87 114
87 116
87 117
87 118
87 119
87 120
87 122
87 123
87 124
87 126
87 127
87 128
87 129
87 130
87 131
87 132
87 135
87 136
87 137
87 138
87 139
87 141
87 142
87 143
87 144
87 145
87 146
87 148
87 152
87 153
87 155
87 156
87 158
87 159
87 160
87 161
87 162
87 164
87 166
87 167
87 169
87 171
87 172
87 173
87 174
87 175
87 176
87 177
87 179
87 180
87 181
87 182
87 183
87 184
87 185
87 187
87 189
87 190
87 191
87 192
87 193
87 194
87 195
87 196
87 197
87 198
87 199
88 89
88 90
88 91
88 92
88 93
88 94
88 95
88 97
88 98
88 100
88 101
88 102
88 103
88 104
88 105
88 106
88 108
88 109
88 110
88 112
88 113
88 118
88 119
88 120
88 121
88 123
88 124
88 125
88 126
88 127
88 128
88 129
88 130
88 131
88 132
88 133
88 136
88 137
88 138
88 139
88 140
88 141
88 143
88 144
88 145
88 146
88 147
88 148
88 151
88 154
88 155
88 156
88 158
88 159
88 160
88 161
88 163
88 164
88 165
88 166
88 167
88 169
88 171
88 172
88 175
88 176
88 177
88 178
88 179
88 183
88 184
88 185
88 187
88 191
88 192
88 193
88 194
88 195
88 196
88 197
88 199
88 200
89 90
89 93
89 95
89 97
89 98
89 99
89 100
89 102
89 103
89 105
89 107
89 108
89 109
89 110
89 111
89 113
89 114
89 115
89 116
89 117
89 119
89 120
89 121
89 122
89 123
89 124
89 125
89 126
89 127
89 128
89 129
89 130
89 133
89 134
89 135
89 137
89 138
89 140
89 143
89 144
89 145
89 148
89 149
89 153
89 154
89 155
89 156
89 157
89 159
89 161
89 162
89 163
89 164
89 165
89 166
89 167
89 168
89 169
89 170
89 171
89 172
89 173
89 175
89 176
89 177
89 180
89 181
89 184
89 185
89 186
89 188
89 190
89 191
89 192
89 193
89 194
89 195
89 196
89 197
89 198
89 199
89 200
90 92
90 95
90 96
90 97
90 99
90 103
90 104
90 105
90 110
90 112
90 113
90 114
90 115
90 116
90 117
90 118
90 119
90 121
90 122
90 124
90 126
90 127
90 129
90 130
90 131
90 133
90 134
90 136
90 137
90 138
90 139
90 140
90 141
90 143
90 145
90 148
90 149
90 150
90 152
90 153
90 155
90 156
90 157
90 159
90 160
90 161
90 162
90 164
90 168
90 170
90 171
90 172
90 173
90 176
90 177
90 178
90 179
90 180
90 182
90 183
90 185
90 186
90 187
90 188
90 189
90 191
90 192
90 195
90 196
90 197
90 198
90 199
90 200
91 94
91 95
91 96
91 97
91 98
91 100
91 101
91 102
91 103
91 104
91 106
91 109
91 111
91 112
91 114
91 116
91 117
91 118
91 120
91 121
91 122
91 123
91 124
91 125
91 126
91 127
91 130
91 131
91 132
91 135
91 137
91 140
91 141
91 142
91 144
91 147
91 148
91 149
91 150
91 151
91 152
91 153
91 154
91 155
91 157
91 158
91 159
91 161
91 163
91 164
91 166
91 167
91 168
91 169
91 171
91 172
91 173
91 174
91 176
91 179
91 181
91 182
91 184
91 185
91 187
91 188
91 189
91 190
91 191
91 192
91 193
91 196
91 197
91 198
91 200
92 93
92 94
92 95
92 96
92 97
92 98
92 99
92 100
92 101
92 102
92 103
92 104
92 106
92 107
92 108
92 109
92 111
92 113
92 114
92 115
92 118
92 119
92 120
92 121
92 124
92 126
92 127
92 128
92 129
92 130
92 132
92 133
92 134
92 135
92 136
92 137
92 139
92 142
92 143
92 145
92 146
92 147
92 149
92 150
92 151
92 152
92 153
92 154
92 155
92 157
92 158
92 159
92 160
92 161
92 162
92 163
92 164
92 165
92 168
92 171
92 172
92 173
92 174
92 177
92 178
92 181
92 185
92 190
92 196
92 197
92 199
93 94
93 95
93 97
93 99
93 102
93 103
93 106
93 107
93 108
93 110
93 112
93 113
93 114
93 116
93 120
93 121
93 122
93 124
93 125
93 127
93 128
93 129
93 131
93 132
93 133
93 135
93 137
93 138
93 139
93 140
93 141
93 142
93 143
93 144
93 145
93 146
93 148
93 149
93 150
93 151
93 153
93 154
93 156
93 158
93 159
93 160
93 161
93 162
93 163
93 166
93 167
93 168
93 169
93 173
93 174
93 175
93 176
93 177
93 178
93 182
93 183
93 185
93 186
93 187
93 189
93 190
93 191
93 192
93 193
93 194
93 195
93 197
93 198
93 199
93 200
94 96
94 98
94 99
94 100
94 101
94 104
94 105
94 106
94 107
94 109
94 110
94 113
94 114
94 115
94 116
94 117
94 120
94 121
94 122
94 123
94 124
94 127
94 128
94 129
94 130
94 131
94 132
94 133
94 135
94 136
94 137
94 138
94 140
94 141
94 142
94 144
94 147
94 149
94 150
94 152
94 154
94 157
94 158
94 159
94 163
94 164
94 165
94 167
94 168
94 169
94 170
94 172
94 173
94 174
94 176
94 177
94 179
94 180
94 181
94 182
94 183
94 184
94 185
94 186
94 187
94 188
94 190
94 191
94 193
94 194
94 197
94 198
94 199
94 200
95 98
95 99
95 101
95 102
95 103
95 104
95 105
95 106
95 108
95 109
95 110
95 113
95 114
95 115
95 117
95 118
95 121
95 123
95 124
95 125
95 127
95 128
95 130
95 131
95 133
95 135
95 136
95 137
95 138
95 139
95 140
95 142
95 143
95 144
95 145
95 146
95 148
95 149
95 150
95 151
95 154
95 155
95 156
95 157
95 158
95 160
95 161
95 162
95 163
95 167
95 168
95 169
95 170
95 171
95 173
95 174
95 175
95 176
95 178
95 182
95 184
95 185
95 187
95 188
95 191
95 192
95 193
95 194
95 195
95 196
95 199
96 99
96 101
96 102
96 103
96 104
96 105
96 106
96 107
96 109
96 110
96 111
96 113
96 114
96 115
96 116
96 119
96 120
96 122
96 125
96 127
96 129
96 130
96 131
96 132
96 134
96 135
96 138
96 139
96 140
96 141
96 142
96 143
96 144
96 147
96 148
96 149
96 150
96 151
96 152
96 153
96 154
96 155
96 158
96 159
96 160
96 162
96 163
96 165
96 166
96 168
96 170
96 171
96 172
96 174
96 177
96 178
96 179
96 182
96 185
96 187
96 188
96 191
96 192
96 193
96 195
96 197
96 198
96 199
96 200
97 98
97 100
97 101
97 103
97 106
97 107
97 108
97 109
97 113
97 115
97 116
97 117
97 119
97 120
97 121
97 122
97 124
97 125
97 126
97 129
97 131
97 132
97 133
97 134
97 136
97 138
97 140
97 141
97 144
97 145
97 146
97 147
97 149
97 151
97 152
97 153
97 155
97 157
97 159
97 160
97 161
97 163
97 165
97 166
97 167
97 168
97 174
97 175
97 177
97 178
97 180
97 182
97 186
97 187
97 188
97 189
97 190
97 192
97 193
97 195
97 197
97 198
98 99
98 101
98 103
98 104
98 105
98 106
98 107
98 108
98 113
98 114
98 115
98 116
98 117
98 118
98 121
98 122
98 124
98 125
98 126
98 127
98 129
98 130
98 131
98 132
98 134
98 136
98 137
98 138
98 139
98 140
98 141
98 142
98 143
98 144
98 146
98 147
98 148
98 150
98 151
98 154
98 156
98 157
98 158
98 159
98 160
98 161
98 162
98 164
98 165
98 166
98 167
98 170
98 171
98 172
98 173
98 174
98 175
98 176
98 178
98 181
98 182
98 183
98 184
98 185
98 187
98 188
98 189
98 190
98 191
98 192
98 193
98 194
98 195
98 197
98 198
98 199
98 200
99 100
99 102
99 104
99 106
99 108
99 110
99 111
99 114
99 115
99 117
99 118
99 119
99 120
99 123
99 124
99 125
99 126
99 127
99 128
99 130
99 135
99 136
99 137
99 138
99 139
99 140
99 141
99 142
99 143
99 144
99 145
99 146
99 147
99 148
99 149
99 150
99 151
99 153
99 154
99 155
99 156
99 157
99 159
99 160
99 161
99 162
99 163
99 164
99 165
99 167
99 170
99 171
99 175
99 176
99 177
99 178
99 180
99 182
99 183
99 184
99 186
99 187
99 188
99 189
99 190
99 191
99 194
99 195
99 197
99 200
100 101
100 102
100 105
100 106
100 107
100 108
100 109
100 110
100 111
100 115
100 116
100 118
100 119
100 121
100 124
100 125
100 126
100 127
100 129
100 130
100 133
100 135
100 136
100 138
100 139
100 140
100 141
100 142
100 143
100 144
100 145
100 150
100 151
100 152
100 154
100 155
100 156
100 157
100 158
100 159
100 160
100 161
100 162
100 163
100 165
100 166
100 167
100 168
100 169
100 170
100 171
100 172
100 173
100 174
100 175
100 176
100 177
100 178
100 179
100 180
100 181
100 182
100 183
100 184
100 186
100 187
100 188
100 189
100 192
100 193
100 195
100 196
100 198
100 199
100 200
101 102
101 104
101 105
101 106
101 107
101 108
101 109
101 110
101 111
101 113
101 114
101 115
101 120
101 121
101 122
101 123
101 124
101 125
101 127
101 128
101 129
101 130
101 131
101 132
101 134
101 135
101 136
101 137
101 138
101 140
101 141
101 142
101 143
101 144
101 146
101 147
101 149
101 150
101 151
101 152
101 153
101 154
101 155
101 156
101 157
101 158
101 161
101 162
101 163
101 165
101 166
101 167
101 168
101 172
101 175
101 176
101 178
101 179
101 180
101 181
101 183
101 184
101 185
101 186
101 187
101 189
101 190
101 192
101 193
101 194
101 197
101 198
102 103
102 104
102 105
102 106
102 108
102 110
102 111
102 112
102 113
102 114
102 115
102 116
102 117
102 118
102 121
102 123
102 124
102 125
102 126
102 127
102 128
102 129
102 131
102 132
102 133
102 134
102 136
102 137
102 142
102 143
102 144
102 145
102 146
102 147
102 148
102 151
102 152
102 153
102 155
102 158
102 159
102 160
102 161
102 162
102 163
102 164
102 166
102 167
102 169
102 170
102 174
102 175
102 176
102 178
102 179
102 180
102 181
102 182
102 183
102 185
102 186
102 188
102 189
102 190
102 191
102 192
102 193
102 195
102 196
102 197
102 198
102 200
103 104
103 105
103 106
103 107
103 108
103 111
103 112
103 113
103 115
103 116
103 117
103 118
103 119
103 120
103 121
103 122
103 124
103 125
103 126
103 127
103 129
103 131
103 132
103 133
103 135
103 139
103 140
103 142
103 144
103 147
103 151
103 152
103 154
103 155
103 156
103 159
103 160
103 161
103 164
103 165
103 166
103 167
103 168
103 169
103 171
103 173
103 175
103 177
103 179
103 180
103 181
103 182
103 183
103 184
103 186
103 187
103 188
103 189
103 191
103 192
103 193
103 194
103 196
103 197
103 199
103 200
104 105
104 106
104 107
104 109
104 110
104 111
104 112
104 113
104 116
104 117
104 118
104 119
104 120
104 121
104 122
104 123
104 124
104 125
104 126
104 127
104 128
104 129
104 130
104 133
104 134
104 135
104 136
104 137
104 139
104 140
104 141
104 142
104 143
104 146
104 147
104 148
104 150
104 151
104 152
104 153
104 154
104 155
104 156
104 157
104 158
104 159
104 160
104 161
104 162
104 163
104 164
104 165
104 167
104 168
104 170
104 172
104 173
104 174
104 175
104 176
104 177
104 178
104 179
104 180
104 182
104 183
104 184
104 185
104 186
104 188
104 189
104 191
104 192
104 193
104 194
104 195
104 197
104 198
104 200
105 110
105 112
105 113
105 114
105 116
105 117
105 118
105 120
105 121
105 122
105 124
105 125
105 127
105 129
105 131
105 132
105 133
105 134
105 137
105 138
105 140
105 141
105 142
105 143
105 144
105 145
105 147
105 148
105 149
105 151
105 153
105 155
105 156
105 158
105 160
105 161
105 162
105 163
105 164
105 166
105 167
105 168
105 171
105 172
105 173
105 174
105 175
105 176
105 178
105 179
105 180
105 181
105 182
105 183
105 186
105 187
105 188
105 189
105 190
105 192
105 193
105 194
105 195
105 198
105 199
106 107
106 111
106 112
106 113
106 114
106 115
106 116
106 117
106 118
106 120
106 122
106 123
106 125
106 128
106 130
106 131
106 133
106 135
106 137
106 138
106 139
106 140
106 142
106 144
106 146
106 149
106 150
106 151
106 152
106 153
106 154
106 155
106 157
106 158
106 159
106 160
106 161
106 162
106 164
106 165
106 166
106 168
106 169
106 170
106 171
106 172
106 173
106 174
106 175
106 176
106 178
106 179
106 181
106 182
106 184
106 185
106 187
106 188
106 191
106 192
106 193
106 194
106 196
106 199
106 200
107 110
107 113
107 114
107 115
107 116
107 117
107 118
107 119
107 120
107 122
107 123
107 124
107 125
107 126
107 127
107 128
107 129
107 132
107 135
107 136
107 137
107 139
107 140
107 141
107 142
107 143
107 144
107 145
107 146
107 147
107 148
107 149
107 150
107 151
107 153
107 154
107 155
107 159
107 160
107 163
107 166
107 167
107 168
107 169
107 170
107 171
107 173
107 174
107 175
107 176
107 177
107 181
107 182
107 184
107 185
107 189
107 190
107 191
107 193
107 194
107 195
107 196
107 199
107 200
108 109
108 111
108 113
108 114
108 116
108 119
108 120
108 122
108 123
108 124
108 127
108 128
108 129
108 133
108 134
108 135
108 136
108 138
108 140
108 141
108 142
108 143
108 144
108 145
108 146
108 147
108 148
108 151
108 152
108 153
108 154
108 155
108 157
108 158
108 161
108 162
108 163
108 165
108 167
108 168
108 170
108 171
108 172
108 175
108 176
108 179
108 180
108 182
108 183
108 184
108 185
108 186
108 187
108 188
108 189
108 190
108 191
108 193
108 194
108 196
108 197
108 199
108 200
109 110
109 113
109 115
109 116
109 117
109 119
109 120
109 121
109 122
109 124
109 125
109 126
109 127
109 129
109 130
109 131
109 133
109 136
109 138
109 140
109 142
109 143
109 145
109 146
109 147
109 148
109 150
109 151
109 153
109 154
109 157
109 158
109 159
109 160
109 162
109 163
109 164
109 165
109 166
109 167
109 168
109 170
109 171
109 172
109 174
109 175
109 176
109 178
109 180
109 181
109 184
109 186
109 187
109 189
109 191
109 192
109 193
109 194
109 195
109 196
109 198
109 199
109 200
110 112
110 115
110 117
110 118
110 120
110 121
110 122
110 123
110 125
110 129
110 130
110 132
110 133
110 136
110 137
110 138
110 139
110 141
110 143
110 145
110 146
110 147
110 149
110 150
110 151
110 152
110 153
110 156
110 157
110 158
110 159
110 160
110 161
110 162
110 163
110 165
110 166
110 167
110 168
110 169
110 171
110 172
110 173
110 174
110 175
110 176
110 177
110 178
110 179
110 180
110 184
110 185
110 186
110 188
110 189
110 190
110 191
110 192
110 196
110 198
110 199
110 200
111 114
111 115
111 116
111 117
111 119
111 120
111 121
111 123
111 124
111 125
111 126
111 127
111 128
111 129
111 130
111 131
111 133
111 135
111 136
111 138
111 139
111 140
111 141
111 143
111 144
111 147
111 148
111 149
111 151
111 152
111 155
111 156
111 157
111 158
111 160
111 161
111 162
111 163
111 164
111 165
111 166
111 168
111 170
111 171
111 172
111 174
111 176
111 177
111 178
111 181
111 182
111 185
111 188
111 189
111 190
111 191
111 192
111 194
111 195
111 199
111 200
112 113
112 114
112 115
112 116
112 117
112 118
112 120
112 121
112 123
112 125
112 126
112 127
112 129
112 130
112 132
112 133
112 136
112 137
112 138
112 139
112 140
112 141
112 142
112 147
112 148
112 149
112 150
112 152
112 154
112 155
112 156
112 157
112 158
112 159
112 160
112 161
112 162
112 163
112 169
112 170
112 171
112 172
112 173
112 175
112 176
112 177
112 178
112 179
112 180
112 181
112 182
112 184
112 185
112 186
112 189
112 190
112 191
112 196
112 197
112 199
112 200
113 114
113 115
113 116
113 117
113 118
113 119
113 120
113 121
113 124
113 127
113 128
113 129
113 130
113 131
113 133
113 136
113 138
113 139
113 142
113 143
113 145
113 146
113 147
113 148
113 149
113 151
113 152
113 154
113 155
113 156
113 157
113 158
113 161
113 162
113 164
113 165
113 169
113 171
113 172
113 175
113 176
113 177
113 178
113 179
113 182
113 183
113 184
113 186
113 187
113 188
113 189
113 190
113 191
113 192
113 193
113 194
113 195
113 196
113 198
113 199
114 115
114 116
114 117
114 118
114 119
114 120
114 122
114 123
114 124
114 127
114 129
114 131
114 132
114 133
114 134
114 135
114 136
114 138
114 140
114 141
114 144
114 145
114 146
114 147
114 148
114 151
114 153
114 154
114 157
114 158
114 159
114 160
114 161
114 162
114 163
114 164
114 165
114 166
114 169
114 170
114 171
114 172
114 174
114 175
114 176
114 178
114 179
114 180
114 182
114 183
114 184
114 185
114 186
114 187
114 188
114 189
114 192
114 193
114 194
114 195
114 196
114 197
114 199
114 200
115 116
115 117
115 120
115 126
115 128
115 130
115 131
115 132
115 134
115 135
115 138
115 139
115 140
115 142
115 143
115 144
115 145
115 146
115 147
115 148
115 151
115 152
115 153
115 154
115 156
115 157
115 158
115 159
115 160
115 164
115 165
115 167
115 168
115 169
115 171
115 173
115 174
115 175
115 176
115 177
115 178
115 179
115 180
115 181
115 183
115 185
115 186
115 187
115 189
115 191
115 193
115 194
115 196
115 197
115 198
115 199
116 120
116 121
116 123
116 125
116 127
116 128
116 130
116 131
116 132
116 134
116 135
116 136
116 137
116 138
116 139
116 140
116 141
116 142
116 143
116 144
116 145
116 146
116 148
116 150
116 151
116 153
116 154
116 155
116 156
116 157
116 158
116 159
116 160
116 161
116 164
116 165
116 166
116 167
116 169
116 170
116 171
116 172
116 173
116 175
116 176
116 177
116 179
116 182
116 183
116 184
116 185
116 186
116 187
116 188
116 190
116 193
116 194
116 195
116 196
116 197
116 198
116 199
116 200
117 118
117 119
117 120
117 121
117 122
117 123
117 124
117 125
117 126
117 127
117 129
117 130
117 133
117 134
117 135
117 136
117 137
117 138
117 139
117 140
117 141
117 142
117 143
117 144
117 147
117 148
117 149
117 150
117 153
117 154
117 155
117 157
117 158
117 159
117 160
117 161
117 163
117 164
117 165
117 166
117 167
117 169
117 170
117 171
117 172
117 173
117 174
117 175
117 177
117 178
117 179
117 180
117 181
117 182
117 183
117 186
117 188
117 189
117 192
117 193
117 194
117 195
117 196
117 197
117 198
117 199
117 200
118 120
118 121
118 122
118 123
118 125
118 126
118 128
118 129
118 130
118 132
118 133
118 134
118 135
118 136
118 137
118 138
118 142
118 144
118 146
118 147
118 148
118 149
118 151
118 152
118 153
118 154
118 155
118 156
118 157
118 158
118 159
118 161
118 162
118 163
118 164
118 167
118 168
118 169
118 172
118 173
118 175
118 176
118 177
118 179
118 180
118 181
118 182
118 183
118 184
118 185
118 187
118 188
118 189
118 190
118 191
118 193
118 195
118 196
118 197
118 199
119 120
119 121
119 122
119 123
119 124
119 125
119 126
119 128
119 129
119 131
119 132
119 133
119 135
119 136
119 137
119 139
119 141
119 142
119 143
119 144
119 145
119 146
119 147
119 148
119 149
119 150
119 151
119 152
119 156
119 158
119 159
119 160
119 161
119 163
119 164
119 165
119 166
119 167
119 168
119 169
119 173
119 174
119 175
119 177
119 178
119 179
119 180
119 182
119 183
119 185
119 186
119 187
119 188
119 189
119 191
119 192
119 193
119 194
119 195
119 196
119 197
119 198
119 199
119 200
120 121
120 122
120 123
120 124
120 126
120 127
120 128
120 129
120 130
120 131
120 133
120 135
120 136
120 140
120 141
120 142
120 144
120 146
120 148
120 149
120 150
120 151
120 152
120 154
120 155
120 157
120 159
120 160
120 162
120 163
120 164
120 166
120 167
120 168
120 169
120 170
120 173
120 175
120 176
120 177
120 180
120 181
120 184
120 187
120 188
120 190
120 191
120 192
120 193
120 195
120 198
120 199
120 200
121 122
121 123
121 124
121 126
121 127
121 129
121 131
121 132
121 134
121 135
121 137
121 139
121 140
121 141
121 142
121 143
121 144
121 146
121 147
121 148
121 149
121 150
121 151
121 152
121 153
121 155
121 158
121 160
121 161
121 162
121 165
121 166
121 167
121 168
121 169
121 170
121 172
121 173
121 174
121 175
121 179
121 180
121 181
121 183
121 184
121 185
121 189
121 190
121 191
121 193
121 196
121 197
121 198
121 199
122 124
122 127
122 129
122 130
122 134
122 136
122 137
122 138
122 142
122 144
122 145
122 146
122 149
122 150
122 153
122 154
122 158
122 160
122 161
122 162
122 164
122 165
122 166
122 167
122 168
122 169
122 172
122 173
122 174
122 176
122 177
122 178
122 179
122 180
122 182
122 183
122 185
122 187
122 188
122 190
122 191
122 193
122 195
122 196
122 199
122 200
123 124
123 126
123 127
123 129
123 130
123 131
123 133
123 134
123 136
123 138
123 139
123 141
123 142
123 143
123 144
123 145
123 146
123 147
123 148
123 149
123 150
123 152
123 153
123 154
123 155
123 157
123 158
123 159
123 162
123 163
123 164
123 165
123 166
123 167
123 169
123 170
123 171
123 172
123 173
123 174
123 175
123 176
123 177
123 178
123 180
123 181
123 183
123 184
123 186
123 187
123 188
123 189
123 191
123 193
123 194
123 195
123 196
123 197
123 198
123 199
123 200
124 125
124 126
124 128
124 130
124 131
124 133
124 134
124 135
124 136
124 138
124 139
124 143
124 144
124 148
124 151
124 152
124 153
124 155
124 156
124 157
124 158
124 159
124 160
124 161
124 163
124 165
124 166
124 167
124 168
124 169
124 170
124 172
124 173
124 174
124 176
124 177
124 178
124 179
124 181
124 182
124 183
124 184
124 185
124 186
124 187
124 188
124 189
124 190
124 191
124 193
124 194
124 196
124 197
124 198
124 199
125 127
125 128
125 130
125 132
125 133
125 135
125 137
125 141
125 142
125 143
125 144
125 146
125 151
125 156
125 158
125 160
125 161
125 162
125 163
125 165
125 166
125 167
125 168
125 174
125 176
125 177
125 178
125 181
125 182
125 183
125 184
125 185
125 187
125 188
125 189
125 190
125 191
125 192
125 195
126 127
126 129
126 130
126 131
126 132
126 135
126 136
126 137
126 138
126 140
126 143
126 144
126 145
126 146
126 147
126 148
126 151
126 153
126 154
126 155
126 157
126 158
126 159
126 162
126 163
126 164
126 165
126 166
126 167
126 168
126 169
126 171
126 172
126 173
126 174
126 177
126 178
126 179
126 180
126 182
126 184
126 185
126 186
126 187
126 188
126 189
126 190
126 192
126 194
126 195
126 196
126 199
127 130
127 134
127 135
127 136
127 137
127 138
127 139
127 140
127 141
127 142
127 144
127 145
127 147
127 148
127 149
127 150
127 153
127 154
127 156
127 157
127 161
127 162
127 163
127 164
127 165
127 167
127 168
127 169
127 170
127 171
127 172
127 173
127 175
127 176
127 177
127 178
127 179
127 181
127 182
127 183
127 184
127 185
127 189
127 191
127 193
127 194
127 196
127 198
127 199
127 200
128 129
128 130
128 131
128 132
128 133
128 134
128 136
128 137
128 138
128 139
128 140
128 141
128 148
128 149
128 150
128 151
128 154
128 156
128 157
128 158
128 160
128 161
128 164
128 165
128 166
128 167
128 168
128 169
128 170
128 171
128 173
128 174
128 175
128 177
128 179
128 180
128 181
128 182
128 186
128 187
128 188
128 189
128 196
128 197
128 198
128 199
128 200
129 133
129 136
129 139
129 140
129 141
129 142
129 143
129 144
129 145
129 146
129 147
129 148
129 149
129 152
129 154
129 156
129 157
129 158
129 159
129 161
129 162
129 163
129 164
129 166
129 167
129 168
129 171
129 172
129 173
129 175
129 176
129 177
129 178
129 179
129 180
129 182
129 183
129 185
129 186
129 187
129 188
129 189
129 190
129 192
129 193
129 194
129 195
129 196
129 197
130 131
130 132
130 133
130 134
130 136
130 137
130 138
130 139
130 140
130 141
130 142
130 143
130 144
130 145
130 147
130 148
130 150
130 151
130 152
130 153
130 157
130 161
130 162
130 163
130 165
130 166
130 167
130 168
130 171
130 172
130 174
130 176
130 180
130 181
130 182
130 184
130 185
130 186
130 189
130 190
130 192
130 193
130 195
130 196
130 198
130 199
130 200
131 133
131 134
131 135
131 136
131 137
131 138
131 140
131 141
131 143
131 145
131 146
131 147
131 148
131 149
131 150
131 152
131 153
131 154
131 155
131 156
131 157
131 161
131 162
131 163
131 164
131 166
131 167
131 168
131 169
131 170
131 172
131 174
131 176
131 178
131 182
131 184
131 185
131 186
131 188
131 189
131 190
131 191
131 192
131 193
131 195
131 196
131 197
131 198
131 199
131 200
132 133
132 134
132 135
132 136
132 137
132 138
132 139
132 140
132 141
132 142
132 143
132 149
132 152
132 153
132 155
132 156
132 157
132 158
132 159
132 160
132 162
132 163
132 166
132 167
132 168
132 169
132 170
132 171
132 175
132 177
132 178
132 179
132 181
132 182
132 183
132 184
132 186
132 190
132 192
132 193
132 194
132 195
132 196
132 198
132 199
132 200
133 134
133 136
133 137
133 139
133 140
133 141
133 142
133 143
133 144
133 145
133 146
133 147
133 148
133 149
133 150
133 151
133 156
133 157
133 162
133 163
133 166
133 167
133 168
133 171
133 172
133 175
133 178
133 179
133 180
133 181
133 183
133 184
133 185
133 186
133 187
133 188
133 189
133 191
133 192
133 193
133 194
133 195
133 197
133 199
134 136
134 138
134 139
134 141
134 142
134 145
134 146
134 148
134 149
134 150
134 151
134 152
134 153
134 154
134 155
134 157
134 158
134 159
134 160
134 161
134 162
134 163
134 164
134 166
134 167
134 169
134 171
134 172
134 174
134 175
134 177
134 178
134 180
134 181
134 182
134 183
134 184
134 185
134 187
134 188
134 189
134 190
134 191
134 193
134 194
134 195
134 197
134 198
134 199
135 136
135 138
135 139
135 141
135 142
135 143
135 145
135 146
135 149
135 150
135 154
135 156
135 157
135 160
135 161
135 162
135 166
135 167
135 168
135 169
135 170
135 171
135 175
135 176
135 178
135 181
135 182
135 183
135 184
135 185
135 186
135 187
135 191
135 192
135 195
135 196
135 197
135 200
136 138
136 140
136 141
136 142
136 143
136 144
136 145
136 146
136 147
136 148
136 149
136 152
136 153
136 154
136 155
136 156
136 157
136 158
136 159
136 160
136 161
136 162
136 167
136 168
136 170
136 171
136 172
136 174
136 175
136 176
136 177
136 178
136 180
136 182
136 183
136 185
136 186
136 188
136 189
136 191
136 194
136 195
136 196
136 197
136 198
136 199
136 200
137 138
137 140
137 141
137 143
137 146
137 147
137 150
137 151
137 152
137 154
137 155
137 156
137 158
137 159
137 160
137 163
137 164
137 166
137 167
137 168
137 169
137 170
137 171
137 173
137 175
137 177
137 178
137 180
137 183
137 185
137 186
137 187
137 189
137 190
137 191
137 196
137 197
137 198
137 200
138 139
138 140
138 143
138 144
138 145
138 146
138 148
138 149
138 150
138 151
138 152
138 153
138 155
138 157
138 160
138 162
138 165
138 166
138 167
138 168
138 169
138 170
138 171
138 172
138 173
138 174
138 175
138 176
138 177
138 178
138 179
138 181
138 182
138 184
138 185
138 186
138 187
138 188
138 189
138 190
138 191
138 192
138 195
138 197
138 199
138 200
139 140
139 142
139 143
139 146
139 147
139 148
139 149
139 150
139 151
139 152
139 153
139 154
139 156
139 157
139 158
139 159
139 160
139 161
139 162
139 165
139 167
139 168
139 169
139 171
139 172
139 174
139 175
139 179
139 180
139 182
139 184
139 185
139 188
139 189
139 190
139 191
139 194
139 198
140 141
140 142
140 144
140 145
140 146
140 147
140 148
140 149
140 150
140 152
140 153
140 154
140 156
140 158
140 159
140 160
140 161
140 162
140 163
140 164
140 167
140 169
140 171
140 173
140 174
140 176
140 177
140 180
140 181
140 182
140 183
140 185
140 186
140 187
140 188
140 190
140 191
140 192
140 193
140 196
140 198
140 200
141 142
141 143
141 144
141 145
141 146
141 147
141 148
141 149
141 151
141 152
141 153
141 154
141 155
141 156
141 157
141 158
141 159
141 160
141 161
141 162
141 163
141 164
141 166
141 167
141 171
141 174
141 175
141 176
141 178
141 179
141 180
141 181
141 182
141 183
141 184
141 185
141 186
141 187
141 188
141 189
141 190
141 191
141 192
141 193
141 196
141 197
141 198
141 199
141 200
142 143
142 144
142 146
142 147
142 149
142 150
142 151
142 152
142 154
142 156
142 158
142 159
142 160
142 163
142 164
142 165
142 169
142 170
142 172
142 173
142 174
142 175
142 176
142 177
142 179
142 181
142 182
142 183
142 184
142 185
142 186
142 187
142 188
142 189
142 191
142 192
142 193
142 195
142 196
142 197
142 198
142 200
143 145
143 146
143 147
143 148
143 149
143 151
143 152
143 153
143 154
143 155
143 156
143 158
143 159
143 160
143 161
143 162
143 163
143 164
143 166
143 169
143 170
143 172
143 173
143 175
143 176
143 178
143 179
143 181
143 182
143 183
143 185
143 188
143 189
143 190
143 191
143 196
143 198
143 199
143 200
144 145
144 147
144 149
144 150
144 151
144 152
144 153
144 155
144 156
144 157
144 159
144 163
144 166
144 168
144 169
144 170
144 171
144 173
144 174
144 175
144 177
144 179
144 180
144 181
144 182
144 183
144 184
144 185
144 189
144 191
144 194
144 196
144 197
144 198
144 200
145 146
145 147
145 148
145 149
145 151
145 152
145 153
145 156
145 158
145 161
145 162
145 164
145 165
145 166
145 167
145 168
145 169
145 171
145 172
145 175
145 177
145 178
145 179
145 180
145 181
145 182
145 183
145 184
145 186
145 187
145 188
145 189
145 190
145 192
145 194
145 195
145 196
145 199
145 200
146 148
146 150
146 151
146 152
146 153
146 154
146 156
146 157
146 158
146 159
146 160
146 161
146 162
146 163
146 166
146 167
146 168
146 169
146 171
146 172
146 174
146 176
146 177
146 178
146 179
146 180
146 184
146 185
146 186
146 188
146 189
146 190
146 194
146 195
146 196
146 197
146 199
146 200
147 148
147 149
147 154
147 155
147 156
147 158
147 159
147 160
147 161
147 162
147 163
147 166
147 167
147 169
147 170
147 171
147 172
147 173
147 174
147 176
147 177
147 178
147 179
147 180
147 181
147 182
147 184
147 185
147 186
147 187
147 188
147 191
147 192
147 195
147 196
147 197
147 198
147 199
147 200
148 151
148 152
148 153
148 154
148 155
148 156
148 157
148 158
148 159
148 160
148 161
148 162
148 164
148 165
148 166
148 168
148 169
148 172
148 173
148 174
148 175
148 176
148 178
148 179
148 181
148 183
148 184
148 186
148 187
148 189
148 190
148 191
148 194
148 195
148 196
148 197
148 198
148 200
149 150
149 151
149 153
149 154
149 155
149 156
149 157
149 158
149 159
149 160
149 162
149 163
149 164
149 165
149 166
149 167
149 168
149 169
149 170
149 171
149 173
149 174
149 176
149 177
149 178
149 180
149 181
149 182
149 183
149 186
149 187
149 189
149 190
149 193
149 195
149 196
149 197
149 199
149 200
150 151
150 152
150 155
150 156
150 158
150 160
150 161
150 162
150 164
150 165
150 167
150 168
150 169
150 170
150 171
150 172
150 173
150 175
150 177
150 178
150 179
150 180
150 181
150 183
150 185
150 186
150 187
150 189
150 190
150 192
150 193
150 194
150 196
150 198
150 199
150 200
151 153
151 154
151 156
151 157
151 158
151 160
151 161
151 162
151 165
151 166
151 167
151 169
151 170
151 171
151 172
151 173
151 174
151 175
151 178
151 179
151 181
151 182
151 184
151 185
151 186
151 187
151 189
151 190
151 191
151 193
151 194
151 195
151 196
151 197
151 198
151 199
151 200
152 154
152 155
152 156
152 157
152 159
152 160
152 161
152 162
152 170
152 171
152 172
152 175
152 176
152 179
152 180
152 181
152 182
152 183
152 185
152 186
152 187
152 188
152 189
152 190
152 191
152 192
152 193
152 194
152 195
152 196
152 198
152 199
152 200
153 154
153 156
153 157
153 158
153 159
153 160
153 161
153 162
153 164
153 165
153 166
153 167
153 168
153 169
153 170
153 171
153 172
153 173
153 174
153 175
153 177
153 178
153 179
153 180
153 181
153 182
153 183
153 185
153 186
153 187
153 188
153 189
153 192
153 193
153 194
153 195
153 196
153 197
153 198
153 199
153 200
154 155
154 156
154 157
154 158
154 160
154 165
154 166
154 167
154 168
154 169
154 170
154 171
154 172
154 175
154 176
154 178
154 180
154 181
154 182
154 186
154 187
154 188
154 189
154 190
154 191
154 193
154 195
154 196
154 200
155 156
155 157
155 158
155 162
155 163
155 164
155 167
155 168
155 169
155 170
155 171
155 172
155 174
155 175
155 176
155 177
155 179
155 180
155 181
155 183
155 184
155 185
155 186
155 187
155 188
155 189
155 194
155 195
155 196
155 199
155 200
156 157
156 160
156 161
156 162
156 165
156 166
156 168
156 169
156 170
156 171
156 173
156 175
156 176
156 177
156 179
156 180
156 182
156 184
156 186
156 187
156 188
156 192
156 194
156 195
156 196
156 197
156 199
156 200
157 158
157 159
157 160
157 161
157 162
157 163
157 164
157 166
157 168
157 169
157 170
157 171
157 172
157 173
157 176
157 177
157 178
157 180
157 181
157 182
157 183
157 184
157 185
157 188
157 189
157 191
157 192
157 193
157 194
157 195
157 196
157 197
157 199
158 159
158 160
158 162
158 164
158 165
158 166
158 168
158 171
158 172
158 173
158 174
158 176
158 178
158 181
158 182
158 183
158 185
158 186
158 187
158 188
158 189
158 190
158 191
158 192
158 193
158 194
158 195
158 196
158 197
158 200
159 161
159 162
159 164
159 165
159 166
159 167
159 169
159 170
159 171
159 174
159 175
159 179
159 181
159 182
159 183
159 184
159 187
159 188
159 191
159 192
159 193
159 196
159 198
159 200
160 161
160 163
160 164
160 165
160 166
160 168
160 170
160 171
160 172
160 174
160 175
160 176
160 177
160 178
160 179
160 180
160 181
160 184
160 185
160 186
160 187
160 188
160 190
160 191
160 192
160 193
160 196
160 197
160 200
161 162
161 163
161 164
161 165
161 166
161 169
161 170
161 171
161 172
161 174
161 175
161 179
161 181
161 182
161 183
161 184
161 185
161 186
161 188
161 189
161 190
161 191
161 192
161 193
161 194
161 195
161 196
161 198
161 199
162 163
162 164
162 165
162 166
162 167
162 168
162 169
162 170
162 171
162 172
162 173
162 174
162 176
162 177
162 179
162 180
162 182
162 183
162 184
162 185
162 186
162 187
162 188
162 191
162 192
162 193
162 194
162 197
162 198
162 200
163 166
163 167
163 170
163 171
163 173
163 174
163 175
163 176
163 177
163 178
163 182
163 183
163 184
163 186
163 187
163 189
163 190
163 191
163 193
163 194
163 195
163 196
163 197
163 198
163 199
164 165
164 166
164 167
164 168
164 169
164 172
164 173
164 174
164 177
164 178
164 180
164 181
164 182
164 183
164 184
164 185
164 186
164 188
164 189
164 190
164 191
164 193
164 194
164 195
164 197
164 198
164 200
165 166
165 167
165 168
165 169
165 170
165 172
165 173
165 176
165 178
165 179
165 181
165 182
165 185
165 186
165 187
165 188
165 189
165 191
165 192
165 194
165 195
165 196
165 199
166 167
166 168
166 169
166 170
166 171
166 172
166 173
166 174
166 175
166 176
166 177
166 179
166 181
166 182
166 183
166 184
166 187
166 188
166 189
166 192
166 195
166 196
167 168
167 169
167 170
167 171
167 173
167 175
167 177
167 178
167 179
167 181
167 182
167 183
167 185
167 186
167 187
167 188
167 189
167 190
167 192
167 194
167 196
167 197
167 198
167 199
167 200
168 169
168 171
168 172
168 175
168 177
168 178
168 179
168 180
168 182
168 183
168 184
168 185
168 186
168 187
168 189
168 190
168 191
168 194
168 195
168 196
168 197
168 199
168 200
169 170
169 171
169 174
169 176
169 178
169 179
169 180
169 181
169 183
169 184
169 186
169 187
169 188
169 190
169 191
169 192
169 193
169 195
169 197
169 198
169 199
169 200
170 172
170 174
170 175
170 176
170 177
170 179
170 180
170 182
170 183
170 184
170 185
170 187
170 188
170 190
170 194
170 196
170 197
170 198
170 199
171 172
171 173
171 174
171 175
171 177
171 178
171 179
171 180
171 181
171 182
171 183
171 184
171 185
171 187
171 189
171 190
171 192
171 193
171 195
171 196
171 197
171 198
172 173
172 174
172 175
172 176
172 177
172 178
172 180
172 181
172 182
172 183
172 184
172 185
172 186
172 188
172 189
172 190
172 191
172 192
172 193
172 195
172 196
172 197
172 198
172 199
172 200
173 174
173 176
173 177
173 180
173 181
173 183
173 184
173 185
173 187
173 188
173 189
173 190
173 191
173 192
173 193
173 194
173 195
173 196
173 197
173 198
173 199
173 200
174 175
174 178
174 180
174 181
174 183
174 184
174 185
174 187
174 189
174 190
174 193
174 194
174 196
174 199
174 200
175 177
175 178
175 180
175 181
175 183
175 184
175 185
175 186
175 187
175 190
175 191
175 192
175 194
175 195
175 196
175 197
175 198
175 199
176 177
176 178
176 179
176 180
176 182
176 183
176 185
176 186
176 187
176 189
176 190
176 191
176 192
176 193
176 194
176 195
176 197
176 199
177 178
177 179
177 180
177 181
177 183
177 184
177 188
177 191
177 193
177 194
177 197
177 198
177 199
177 200
178 179
178 180
178 181
178 182
178 183
178 184
178 185
178 186
178 187
178 189
178 191
178 193
178 195
178 197
178 198
178 199
178 200
179 180
179 181
179 184
179 185
179 188
179 189
179 190
179 191
179 192
179 194
179 196
179 197
179 199
180 181
180 184
180 186
180 187
180 188
180 189
180 190
180 191
180 194
180 195
180 196
180 197
181 183
181 185
181 186
181 188
181 190
181 191
181 193
181 195
181 196
181 198
181 199
182 185
182 187
182 188
182 189
182 190
182 191
182 192
182 193
182 194
182 197
182 198
182 199
183 184
183 186
183 187
183 189
183 191
183 192
183 193
183 194
183 195
183 196
183 197
183 198
183 200
184 185
184 186
184 187
184 190
184 192
184 193
184 194
184 196
184 197
184 198
184 199
184 200
185 186
185 188
185 189
185 190
185 192
185 193
185 194
185 195
185 197
185 198
185 199
186 187
186 188
186 189
186 191
186 192
186 193
186 194
186 195
186 196
186 197
186 198
186 199
186 200
187 188
187 190
187 191
187 192
187 193
187 195
187 196
187 197
187 198
187 199
187 200
188 190
188 191
188 192
188 194
188 195
188 196
188 197
188 198
189 190
189 192
189 194
189 195
189 200
190 191
190 192
190 196
190 197
190 198
190 200
191 192
191 195
191 196
191 197
191 198
191 199
191 200
192 193
192 194
192 195
192 196
192 198
192 199
192 200
193 195
193 197
193 198
193 199
194 195
194 196
194 197
194 198
194 199
194 200
195 196
195 197
195 198
195 200
196 198
196 200
197 198
197 199
197 200
198 200
199 200
